100 100 78
42 15 1 40 2 76 100 89 81 20 58 62 2 26 46 33 24 80 80 19 61 99 53 64 55 38 22 96 81 54 6 52 1 51 85 62 77 79 43 20 21 90 84 91 18 31 65 78 40 91 5 8 46 18 82 85 42 41 87 74 69 26 72 18 42 36 43 44 2 3 32 96 26 90 22 23 78 39 98 83 73 37 24 18 97 34 25 100 5 60 49 56 85 79 84 20 76 81 76 22 
32 58 64 15 6 36 54 12 34 66 55 60 18 62 56 42 36 48 14 12 69 53 90 43 81 67 88 93 95 25 85 81 96 21 23 59 36 26 10 18 80 2 30 61 76 11 12 57 12 79 100 92 30 26 43 55 42 19 62 14 68 55 2 42 17 3 76 93 77 66 29 99 27 63 27 91 71 29 28 97 29 11 95 47 39 50 66 23 91 65 77 22 39 86 58 60 49 18 32 81 
57 65 4 58 67 94 74 78 87 28 3 72 11 57 47 34 61 97 57 3 60 28 63 32 57 75 34 64 31 20 81 5 13 77 81 5 62 97 10 50 7 22 55 34 28 23 48 89 54 15 32 43 98 27 38 74 47 1 59 37 84 12 52 49 13 84 59 46 58 23 65 46 32 88 53 27 49 83 11 8 76 47 12 6 18 41 84 50 18 59 26 27 16 8 29 30 78 35 30 52 
80 15 81 17 100 85 19 58 12 6 18 57 90 28 57 79 25 20 82 44 71 35 77 60 29 7 22 61 87 85 56 70 6 62 28 11 47 29 92 74 15 56 6 58 77 61 16 88 91 19 86 19 85 8 15 28 100 20 51 43 62 9 92 74 96 20 96 39 41 42 82 1 79 95 14 69 48 59 84 31 9 71 15 29 26 89 87 48 4 50 54 18 94 45 27 48 10 38 15 41 
60 95 48 38 66 83 31 6 59 85 97 32 36 61 45 7 2 16 55 48 36 69 47 65 90 49 99 12 59 9 24 65 18 6 90 34 67 46 70 9 32 17 76 74 88 45 87 96 82 34 26 45 38 28 50 80 66 48 70 84 83 37 44 33 19 21 43 50 10 66 8 55 29 40 47 35 7 22 17 36 85 83 54 15 89 44 56 15 48 11 82 8 99 28 71 77 96 43 79 33 
87 4 9 40 22 75 47 40 9 41 7 39 92 85 12 76 63 75 44 55 7 90 89 9 72 76 5 21 1 3 67 86 50 40 35 72 16 71 28 12 47 6 32 28 68 43 37 11 54 35 77 24 70 16 62 29 7 44 98 21 90 9 31 74 19 99 12 49 27 35 97 4 66 54 67 94 69 72 28 36 97 22 73 7 21 68 92 81 75 2 12 14 61 99 59 69 30 57 81 11 
81 60 65 34 65 79 23 98 1 44 88 83 88 24 36 51 74 53 91 83 3 93 85 23 64 53 25 56 68 97 63 8 85 57 87 98 45 50 35 84 49 75 13 35 94 70 74 43 14 94 43 27 21 53 18 7 9 56 56 78 73 6 45 93 30 60 90 58 48 85 40 31 68 23 53 39 85 10 26 5 42 85 59 42 99 14 9 46 68 6 38 44 84 52 10 72 5 3 34 32 
95 59 27 67 52 74 93 23 4 38 59 39 25 18 71 35 8 7 89 30 4 7 65 20 68 84 20 84 16 35 5 5 99 81 7 44 3 35 92 4 33 71 65 59 27 75 46 69 88 70 55 99 27 5 64 83 96 10 46 28 82 37 62 48 12 91 64 38 41 4 81 21 20 59 98 6 3 73 33 91 58 56 51 61 21 40 100 50 58 85 36 75 57 31 4 89 37 76 35 27 
36 86 78 47 23 29 100 54 48 70 69 50 34 49 36 66 39 99 34 73 95 30 16 62 45 79 87 70 68 22 77 8 20 18 20 97 14 52 86 15 72 13 56 76 24 96 30 13 55 6 49 49 29 36 38 19 21 46 66 15 27 30 13 3 49 27 85 17 27 88 36 92 65 94 46 87 54 54 22 66 74 53 42 3 70 30 30 22 57 74 93 99 87 20 11 94 9 45 44 52 
12 97 45 67 39 92 19 28 40 68 55 3 17 76 71 53 71 87 11 26 70 33 63 100 6 31 61 67 15 20 20 57 68 14 77 26 78 14 85 78 10 9 90 23 5 68 62 10 88 36 45 5 18 13 27 56 5 50 36 36 83 59 100 65 71 50 39 79 45 25 70 18 23 98 50 36 19 9 82 52 72 40 92 36 89 19 29 57 55 77 40 66 12 14 8 94 7 15 65 78 
11 29 59 13 47 10 52 46 99 63 84 76 32 7 70 70 95 23 66 61 30 21 78 36 46 57 55 33 95 38 40 87 77 32 47 28 99 49 97 72 81 94 57 16 86 53 80 92 52 89 40 81 10 49 37 87 100 78 59 49 16 74 80 41 44 28 32 30 89 94 69 37 34 14 16 51 91 11 62 2 31 5 92 24 65 26 25 78 65 69 78 34 44 97 39 55 91 55 4 91 
10 8 37 1 8 31 49 71 90 18 2 42 27 17 95 61 52 84 10 27 81 3 50 25 33 6 47 57 28 80 27 29 59 65 20 7 39 20 5 78 82 4 17 48 89 35 54 7 78 43 13 56 30 72 26 15 73 90 55 81 95 22 47 11 40 47 55 46 62 2 85 82 90 66 29 59 71 11 34 79 43 53 71 61 91 43 31 43 1 51 24 7 89 96 13 11 22 80 13 60 
18 52 34 66 96 5 11 83 45 79 79 52 36 16 14 82 80 27 72 41 10 53 10 17 84 79 69 59 70 82 100 10 10 71 8 77 40 12 80 86 81 88 58 79 33 95 1 89 84 33 98 56 81 97 30 54 68 4 37 11 33 72 42 35 35 17 27 92 80 51 79 82 82 25 10 78 19 53 21 70 67 44 77 45 76 10 15 29 54 17 88 8 87 92 81 64 66 46 8 76 
51 82 4 11 13 8 42 48 51 18 28 76 23 70 93 1 54 12 3 15 59 43 65 93 34 27 51 17 7 23 81 60 46 12 17 43 70 91 36 100 2 12 50 14 15 21 88 12 69 5 91 25 43 12 63 27 30 72 97 47 63 86 31 96 28 20 78 17 52 76 81 55 59 91 62 7 2 37 71 38 16 30 40 15 91 84 73 36 15 69 57 80 100 75 6 73 41 87 43 58 
33 6 62 48 19 98 21 94 87 96 52 8 82 38 30 65 70 42 86 97 95 89 49 82 50 30 65 87 49 83 59 50 57 59 80 78 38 48 100 33 51 71 2 33 35 48 54 88 94 22 96 67 47 68 17 18 47 9 95 25 80 69 65 23 28 11 15 27 44 65 6 3 44 72 57 100 12 35 73 78 3 52 2 82 86 50 24 89 23 42 27 86 11 7 28 67 78 95 4 45 
90 14 93 26 18 33 2 27 92 6 12 23 40 10 20 87 97 68 67 61 18 85 9 28 50 90 5 86 42 96 27 74 58 25 46 52 25 90 4 22 23 96 79 75 74 64 79 40 74 34 12 24 56 17 43 38 69 97 82 17 81 43 60 46 93 21 12 4 66 60 39 59 30 57 52 90 95 59 56 79 52 49 56 55 13 15 39 92 25 95 68 32 60 64 27 25 93 5 28 86 
58 16 34 94 7 3 69 49 16 71 84 80 31 66 82 56 42 81 78 18 7 10 66 47 52 80 99 10 53 20 42 24 4 26 98 37 21 92 53 48 69 16 81 98 68 49 19 24 17 35 21 94 13 19 85 30 52 61 95 96 56 25 89 9 19 3 18 71 72 10 30 9 72 15 31 48 18 1 77 92 64 23 55 33 9 75 62 87 13 44 10 2 80 56 78 73 28 7 43 28 
29 64 30 26 31 98 33 69 36 53 67 76 31 34 65 5 71 41 43 84 74 9 48 100 10 36 72 71 93 70 76 43 92 3 36 35 81 71 1 24 15 22 23 16 100 30 33 78 84 67 96 100 69 38 17 72 77 26 59 21 51 52 7 23 76 42 26 14 9 30 78 86 5 70 45 7 17 40 38 11 8 28 22 57 46 1 100 32 44 1 39 9 50 86 75 55 1 22 97 8 
21 54 19 55 36 30 65 96 25 25 43 95 12 34 3 20 40 85 94 88 69 72 84 100 15 3 64 79 28 10 6 100 71 23 82 11 74 75 55 61 60 7 17 63 6 47 64 66 49 65 96 6 89 94 77 95 64 83 24 20 65 51 49 38 71 16 18 27 9 5 51 8 98 52 45 99 13 96 44 56 37 43 90 19 32 85 72 36 33 53 80 28 51 18 44 57 58 75 23 37 
76 99 69 61 74 67 15 13 30 81 3 19 75 32 30 2 91 13 71 71 50 20 9 97 32 70 29 38 45 71 28 98 19 99 64 45 85 66 69 56 52 87 52 41 38 83 21 13 62 29 5 5 10 81 47 80 61 87 74 94 47 1 55 73 64 95 19 93 14 16 4 20 73 63 34 11 96 25 85 19 60 62 11 50 74 30 87 90 67 32 38 96 11 62 42 46 1 83 59 16 
76 99 96 16 38 61 40 5 36 90 79 69 25 88 60 35 83 55 76 94 66 61 12 20 8 2 95 34 20 99 62 42 10 60 67 94 33 99 53 26 89 5 88 11 59 54 51 61 65 43 26 71 99 30 93 30 66 88 13 65 10 53 96 56 67 63 60 37 23 69 53 86 30 40 75 79 64 17 66 89 35 99 20 14 2 22 77 90 26 91 80 81 40 40 71 90 74 54 65 25 
94 53 49 59 88 51 52 91 43 27 86 74 60 34 50 55 44 34 66 78 23 95 83 58 5 74 90 32 62 91 18 88 39 25 12 48 28 19 52 4 84 83 75 31 32 31 73 14 38 84 62 4 36 61 45 15 87 11 61 18 11 82 68 6 51 96 27 1 33 79 82 14 28 13 31 25 57 27 27 18 65 1 48 31 68 96 41 51 82 57 63 27 37 3 40 63 70 83 43 19 
95 48 92 82 78 36 11 80 82 35 81 32 60 70 93 14 57 50 31 29 48 57 4 58 3 6 75 77 31 54 19 21 74 14 75 16 80 75 21 1 99 31 28 13 100 12 64 11 61 19 17 32 77 40 86 71 24 76 40 49 97 65 46 82 88 3 39 95 77 86 51 1 54 15 47 32 28 29 36 35 78 79 58 87 70 39 46 39 74 68 96 61 23 86 88 32 99 80 19 74 
55 93 51 30 96 54 72 63 89 59 72 10 41 36 100 64 41 50 80 99 97 9 1 49 59 47 97 83 23 33 23 17 27 86 1 77 36 9 32 86 87 16 84 46 44 19 1 79 95 78 60 86 96 96 3 10 48 27 42 77 82 29 41 1 94 12 75 80 8 11 37 49 83 27 84 1 33 78 94 96 95 94 88 78 11 78 53 66 32 80 74 50 52 56 68 82 2 91 53 8 
6 28 67 21 63 74 78 29 14 46 96 47 41 95 31 89 4 40 40 10 18 17 71 53 8 47 63 55 91 36 94 46 85 50 14 33 53 17 5 83 34 60 87 57 97 95 40 54 8 16 16 59 15 94 92 98 23 37 21 7 2 93 36 10 77 9 88 86 13 4 55 51 53 48 64 62 99 25 42 95 33 55 31 15 79 25 53 30 13 95 51 17 22 65 70 42 55 69 74 86 
71 65 13 19 93 79 5 86 64 85 67 50 72 42 11 94 53 55 71 74 95 55 33 13 76 39 24 90 63 20 42 80 15 5 36 5 61 28 73 57 19 77 50 45 99 42 77 35 71 13 16 6 37 52 14 36 3 14 75 52 38 79 12 94 100 52 91 2 15 69 33 4 23 24 97 5 22 68 13 50 90 37 45 66 19 89 55 64 72 41 40 51 6 32 45 45 99 5 25 18 
2 96 98 18 31 9 48 19 9 85 35 85 96 11 62 15 81 93 72 81 43 99 68 53 75 18 17 84 36 82 28 89 46 23 6 23 17 81 32 97 82 32 74 15 83 50 88 29 65 34 58 34 64 63 12 70 73 64 1 35 80 98 100 59 99 95 19 83 57 15 89 63 1 75 5 100 48 50 6 19 31 41 78 70 93 49 69 81 55 25 60 23 21 11 35 40 69 53 28 10 
73 89 34 38 35 22 72 19 85 13 75 58 30 49 98 81 38 1 52 52 94 83 60 9 36 53 30 79 39 40 13 25 10 30 37 80 23 13 57 96 20 19 42 9 82 42 94 62 70 86 66 78 74 71 42 94 12 96 39 28 17 11 99 68 12 84 16 7 68 48 93 100 69 57 29 19 100 67 50 27 33 38 87 33 30 39 23 10 83 20 91 26 27 79 89 91 82 100 37 39 
53 65 21 76 16 81 66 59 50 33 36 84 13 96 64 11 19 77 82 13 76 87 14 52 37 48 57 23 76 18 38 17 88 91 77 47 69 1 78 18 8 75 54 32 7 91 90 49 65 41 70 69 67 45 10 23 26 67 52 21 72 13 38 15 17 83 73 55 6 2 14 97 61 16 38 35 97 67 87 89 63 3 1 96 70 89 24 26 74 96 32 41 27 6 7 36 40 53 41 44 
45 14 4 53 31 34 79 82 83 13 96 60 10 92 21 18 34 63 54 76 93 1 61 100 34 71 56 50 9 35 4 24 23 79 80 31 43 68 36 27 47 31 9 29 77 26 87 7 100 92 27 81 21 96 72 9 80 35 12 17 3 5 36 87 71 75 72 82 17 54 15 10 33 26 63 22 4 83 14 36 64 78 10 3 11 78 51 80 32 86 90 31 77 30 94 66 52 60 57 53 
67 71 34 5 74 91 60 52 11 34 81 65 13 9 29 26 78 94 19 26 67 72 100 27 24 30 88 88 44 9 23 34 61 56 27 39 16 54 73 75 78 19 82 81 3 35 38 56 80 3 82 60 95 72 39 43 76 59 55 58 49 34 93 74 40 9 52 33 68 38 97 92 94 12 21 9 29 19 95 56 41 25 5 67 63 29 97 68 47 82 38 46 78 99 15 21 2 25 12 24 
41 10 33 50 31 7 20 83 29 31 49 36 9 35 1 30 77 13 72 55 57 76 80 33 94 35 49 78 16 40 47 18 72 72 17 20 28 58 76 63 23 26 93 46 12 81 87 46 36 77 95 8 72 66 76 9 99 70 23 8 19 8 77 96 83 44 81 7 7 58 34 12 52 13 16 41 83 63 7 42 91 5 88 49 100 98 40 27 87 64 91 57 12 74 66 65 42 27 30 57 
17 69 16 35 37 69 95 6 100 19 70 72 11 46 1 46 62 36 6 77 44 33 45 64 75 57 25 19 31 14 2 93 52 83 34 86 100 20 20 50 64 21 74 59 10 45 92 45 32 69 26 70 21 60 29 72 8 61 3 95 52 59 45 85 41 28 60 35 71 99 38 92 93 50 54 70 95 19 60 4 92 91 98 73 72 47 94 79 50 55 28 87 99 97 16 82 79 78 39 12 
74 93 58 79 47 35 98 65 86 67 70 23 31 73 71 49 48 75 93 2 99 47 2 44 60 95 46 29 11 27 65 70 4 70 32 17 16 22 83 41 53 7 7 30 53 80 46 29 44 66 77 33 48 54 37 49 18 49 38 45 58 93 64 78 77 68 97 97 18 14 39 55 2 36 53 70 77 47 75 46 82 79 39 23 95 89 99 93 62 7 27 29 21 94 38 9 22 71 31 51 
28 89 91 8 50 20 85 35 43 34 4 59 68 21 48 81 66 37 24 13 82 96 6 17 33 22 9 45 100 41 43 80 11 1 39 6 11 4 18 42 49 50 43 23 43 14 52 94 18 94 72 18 39 26 95 5 72 38 94 56 14 3 31 29 81 37 5 10 79 87 22 74 4 32 3 23 48 76 75 88 29 34 45 73 80 93 33 28 92 92 15 24 95 11 29 7 28 52 10 1 
13 16 69 36 77 15 85 18 63 98 11 74 19 81 52 23 11 1 98 49 1 13 19 7 72 71 51 51 9 77 27 14 93 43 81 100 43 15 30 14 14 9 18 21 24 35 45 56 1 40 40 77 95 98 32 98 94 13 78 83 21 76 40 1 34 21 51 37 13 61 99 20 57 57 89 95 35 8 63 41 90 10 54 32 60 34 21 67 5 74 43 20 16 83 26 69 80 19 64 29 
46 29 61 28 87 77 84 52 69 99 59 5 74 90 35 23 73 82 20 87 75 69 85 47 29 9 84 31 74 51 85 27 37 61 40 81 79 90 26 98 15 52 86 36 5 12 52 61 64 79 55 25 51 89 46 65 75 54 60 1 57 43 85 32 34 87 25 59 27 34 57 30 52 54 91 90 80 25 57 62 83 79 58 34 23 35 77 11 81 80 78 60 53 95 88 43 22 57 50 82 
94 42 52 31 4 98 86 73 49 16 47 39 39 19 49 39 43 28 19 4 33 27 9 87 52 76 94 11 37 5 49 77 76 89 62 55 56 54 71 73 97 74 90 44 7 14 29 85 72 40 43 74 67 91 8 34 44 42 7 4 14 26 30 57 3 44 3 13 42 44 20 90 12 67 77 76 91 41 15 8 30 44 81 6 81 30 37 2 45 52 88 30 3 82 72 10 24 21 94 7 
56 26 52 63 70 3 5 10 87 11 79 71 87 38 25 51 37 98 35 7 87 5 41 57 72 28 25 80 16 15 24 91 7 29 86 58 90 87 64 58 17 26 16 22 56 91 55 41 81 33 44 17 91 51 33 71 47 9 34 45 20 78 29 47 66 8 46 58 8 62 42 42 16 56 7 43 54 38 55 70 1 80 52 36 46 52 91 28 49 37 69 40 44 4 56 93 53 73 3 79 
13 48 51 73 56 14 20 78 61 26 97 31 43 54 54 26 3 28 83 80 95 83 93 17 15 20 91 3 90 56 43 88 64 85 45 7 35 90 59 67 92 66 46 33 85 74 5 68 54 77 48 95 74 29 34 27 11 39 65 31 1 68 53 33 33 27 97 53 54 15 43 64 66 17 70 48 75 37 67 87 40 15 53 87 3 97 64 95 14 68 30 71 38 26 32 34 25 89 55 17 
1 84 59 1 74 6 49 87 46 13 58 18 72 94 63 9 26 16 21 64 56 87 20 82 58 98 1 70 53 31 48 36 12 63 99 51 79 71 96 63 74 9 69 73 67 86 63 6 28 46 85 31 70 56 100 33 11 52 36 23 43 94 58 55 82 93 83 19 45 5 16 26 92 61 28 50 66 56 92 17 12 40 15 51 97 50 97 15 31 63 66 77 20 35 7 83 32 5 15 84 
91 92 95 65 93 30 32 83 52 31 14 14 74 14 23 42 61 91 12 46 34 54 25 98 97 65 72 3 23 28 53 93 10 55 35 87 81 90 45 72 92 98 20 32 37 56 55 15 100 8 96 82 24 75 26 15 31 73 42 9 53 30 70 55 84 38 17 26 26 57 100 3 94 79 67 73 24 10 68 85 97 51 63 41 29 79 20 100 30 18 99 89 64 38 28 61 4 51 4 45 
37 92 26 63 27 26 90 71 22 43 7 29 58 75 75 5 70 58 72 84 63 41 10 74 60 86 79 84 90 10 85 13 23 83 84 51 63 93 15 73 97 59 31 22 36 100 49 55 91 89 25 47 68 84 36 99 38 14 14 55 18 66 47 82 36 70 65 83 58 26 53 37 52 64 46 83 26 81 62 85 33 50 48 35 67 24 25 9 10 14 79 1 95 53 99 70 13 14 86 26 
39 35 19 78 53 18 79 49 18 61 85 4 29 62 9 57 87 70 90 23 13 4 71 49 26 66 16 1 87 9 14 31 27 50 90 57 9 91 45 19 82 49 83 55 54 39 74 38 13 18 40 17 1 6 75 60 30 72 41 23 78 86 79 98 8 63 72 76 19 79 22 5 89 21 66 4 19 41 51 99 100 97 52 28 94 40 67 86 68 98 41 4 41 4 52 6 12 26 85 20 
8 6 71 8 69 79 55 14 66 64 35 93 56 94 90 99 60 53 32 40 16 81 33 12 95 58 88 56 4 65 37 25 25 49 63 83 43 39 46 95 87 8 92 67 38 98 78 58 96 52 3 6 74 2 51 24 39 44 33 37 29 36 27 72 21 97 41 94 69 66 63 6 16 91 40 3 99 89 7 60 20 87 9 31 37 48 1 71 83 48 40 69 15 37 47 86 75 19 16 91 
67 78 39 95 48 54 50 25 27 87 96 93 39 90 19 59 51 45 3 64 86 72 9 63 4 24 13 92 41 8 8 39 23 48 59 55 99 51 98 49 60 13 92 9 61 96 40 12 78 57 7 22 10 95 85 99 69 85 83 78 1 24 27 41 3 82 83 30 96 84 39 96 79 28 73 57 25 70 2 28 6 49 8 8 62 27 54 56 57 47 18 95 59 60 78 88 67 46 38 81 
30 97 3 84 12 32 82 94 32 85 56 3 80 10 72 55 26 59 48 74 15 47 68 5 6 83 67 92 38 94 18 47 32 87 93 66 17 67 57 83 100 35 68 54 90 18 29 73 75 95 8 94 83 14 20 74 58 51 37 11 84 42 65 80 88 88 68 49 13 84 65 55 3 19 80 71 26 46 40 81 93 3 56 48 26 12 15 32 95 26 95 18 58 23 53 63 19 64 57 71 
61 91 23 45 70 29 79 81 71 57 7 87 41 32 74 2 20 59 65 73 92 66 100 98 44 71 8 83 31 89 8 28 17 22 36 60 25 93 2 39 73 29 81 56 45 66 57 1 57 86 88 70 90 93 43 19 86 41 40 90 28 73 89 100 68 28 80 78 75 34 61 71 90 90 15 94 81 90 97 95 32 57 41 68 31 58 64 28 80 13 76 65 16 92 11 35 3 4 32 63 
66 16 88 2 82 61 35 6 55 94 32 67 6 88 79 2 62 95 57 75 60 15 34 32 90 69 16 83 54 14 77 37 62 51 28 25 71 89 90 56 84 18 87 51 47 6 40 8 40 78 76 94 1 62 57 2 70 35 69 92 69 12 48 54 13 28 23 63 7 52 7 67 12 38 24 69 86 1 27 59 13 53 94 43 71 45 36 25 48 75 13 13 74 51 79 54 71 62 86 100 
64 82 3 58 38 12 97 71 23 87 96 27 12 22 13 16 82 58 56 85 86 96 55 3 3 2 57 52 15 84 25 99 59 19 71 24 52 67 2 33 1 86 20 54 57 97 63 5 3 81 50 84 8 87 80 3 50 42 22 79 5 90 48 51 50 31 50 31 3 16 8 48 24 18 1 63 32 54 26 7 22 18 20 73 46 18 87 45 15 28 77 44 40 13 52 64 93 45 42 80 
63 86 61 99 98 64 41 56 43 7 69 17 66 1 92 43 36 90 15 54 88 75 73 9 59 15 26 20 15 57 18 53 96 85 27 38 76 29 59 52 28 18 71 13 57 9 69 62 77 49 28 56 77 42 22 94 5 97 56 25 8 6 30 62 14 22 91 10 71 93 8 74 62 41 83 47 67 50 95 36 75 28 67 38 17 16 69 24 48 68 82 26 29 45 75 55 5 59 74 31 
66 34 74 13 50 98 36 46 95 26 80 97 5 6 70 90 33 5 56 47 81 52 65 98 14 77 47 59 78 88 3 47 71 60 56 85 80 96 12 65 15 6 44 59 92 95 93 21 52 40 39 22 10 70 74 91 89 48 19 70 53 11 48 58 59 61 17 70 54 53 49 20 85 63 68 97 65 51 58 49 98 74 46 56 73 96 87 32 68 55 70 35 25 13 10 54 71 1 22 46 
47 3 61 20 1 56 9 4 49 47 74 34 47 61 26 68 99 12 99 7 37 99 31 55 56 59 86 83 32 36 11 11 53 30 60 80 63 21 30 62 34 45 48 55 42 18 54 52 22 36 25 27 61 15 90 6 25 83 54 48 61 98 33 57 14 41 20 60 39 25 36 91 23 11 13 48 13 71 64 70 35 20 93 11 70 73 52 18 67 66 8 66 64 97 36 5 60 6 8 82 
46 6 81 14 17 100 29 13 49 86 83 50 71 23 36 19 63 65 24 36 97 37 34 67 66 81 7 63 5 74 95 60 35 1 4 14 94 65 46 52 66 19 82 64 34 50 87 45 21 80 84 76 94 17 54 12 13 84 5 2 82 99 25 36 88 62 92 28 39 12 51 88 77 51 16 39 76 19 81 87 20 98 38 10 20 61 4 13 97 61 35 61 99 32 96 87 33 16 14 6 
94 14 12 43 13 84 33 51 96 4 19 63 84 37 54 75 13 7 59 94 76 4 38 41 5 55 16 71 76 21 71 74 71 84 5 40 50 39 53 9 98 84 57 53 35 23 88 31 2 90 54 29 18 2 3 14 71 100 47 18 32 7 17 73 34 68 55 74 91 79 48 61 32 60 72 35 11 60 74 94 44 15 79 61 34 17 92 24 42 68 23 24 70 61 87 52 25 20 76 96 
85 31 79 47 10 8 64 53 21 81 1 94 2 51 52 53 79 6 67 43 54 99 13 19 98 99 52 13 11 80 38 97 12 70 8 71 40 4 29 62 94 54 29 92 15 23 63 55 94 86 46 32 46 44 75 65 44 90 53 63 92 94 90 83 10 48 23 100 80 24 8 91 39 47 4 35 57 24 70 1 52 28 54 46 78 75 92 38 26 75 8 32 3 47 49 60 11 92 57 15 
79 61 10 81 92 79 92 34 21 89 4 75 96 45 68 83 55 9 12 4 19 80 55 44 86 41 85 52 25 47 67 88 30 63 66 16 55 4 79 42 27 59 3 36 65 37 98 50 70 65 32 23 77 73 75 47 20 40 44 34 31 92 82 35 33 96 39 95 81 20 54 66 6 20 20 95 50 23 20 10 6 14 77 66 96 56 10 62 72 19 95 51 1 19 86 83 55 22 91 45 
48 88 88 85 1 16 14 13 38 53 7 68 18 37 92 26 67 40 86 70 91 84 32 35 80 1 91 82 95 55 1 33 71 17 96 85 95 15 53 81 89 75 80 54 69 81 54 10 93 86 56 7 91 96 31 60 89 77 44 81 69 36 64 56 43 96 32 66 27 16 100 19 12 55 99 24 1 33 59 68 75 20 79 65 5 92 90 83 68 41 48 8 99 68 93 4 77 21 91 54 
73 82 17 55 43 74 61 44 2 84 52 81 17 56 42 44 84 84 85 32 23 48 3 6 82 73 84 10 45 54 33 57 17 12 37 28 7 95 33 68 64 71 46 33 15 15 75 29 80 63 62 85 18 97 63 11 44 70 50 65 43 49 76 47 39 6 100 24 97 85 86 2 56 66 85 78 37 87 63 13 55 2 44 54 43 16 39 23 82 34 8 31 77 59 87 70 99 24 57 54 
4 41 65 61 31 47 56 70 37 97 11 52 63 27 16 76 43 40 96 27 58 98 69 14 92 66 34 19 50 2 55 56 40 77 86 19 72 54 19 16 58 12 56 98 98 90 8 90 68 5 75 80 33 7 47 92 56 4 63 66 74 74 92 16 39 28 36 74 56 83 80 87 95 20 74 18 26 15 32 48 21 75 53 25 94 79 19 81 12 66 91 43 6 39 59 16 5 59 26 57 
81 87 74 77 85 65 73 80 17 98 39 54 66 88 49 52 93 81 57 89 83 12 57 89 52 27 86 11 39 93 1 65 74 42 62 86 71 21 76 65 99 35 19 77 42 28 80 19 32 74 1 70 59 25 73 50 74 96 22 40 75 45 56 53 78 18 30 76 63 52 82 78 98 99 50 27 42 1 5 55 68 15 65 90 97 93 27 39 51 42 15 23 15 57 5 92 15 38 30 25 
40 40 99 12 68 7 46 54 98 47 54 87 6 82 49 38 74 45 98 50 15 76 36 80 59 33 28 60 96 23 2 92 25 48 100 39 8 20 48 21 84 5 88 36 7 37 31 25 73 49 5 55 61 31 41 42 1 31 48 58 78 39 64 87 89 42 82 26 34 14 54 92 8 6 95 32 89 54 35 32 77 63 83 85 44 4 53 7 3 53 4 92 30 3 82 49 97 90 94 73 
80 27 22 94 90 18 35 29 70 71 88 5 37 23 64 52 10 22 65 75 72 77 70 86 78 27 59 77 3 9 71 88 41 92 32 40 44 94 60 10 73 2 63 81 53 88 43 54 20 2 88 17 98 24 23 55 99 21 39 83 18 23 32 41 25 95 82 95 2 53 84 72 11 85 66 11 36 49 46 72 83 98 90 71 77 37 9 24 69 78 54 56 89 2 68 11 62 99 99 25 
43 22 58 53 78 83 80 58 24 9 71 67 21 24 89 74 1 38 30 28 18 66 16 15 89 36 62 41 12 12 70 24 19 9 41 7 26 58 46 89 39 96 84 78 3 91 19 66 43 6 17 67 30 13 54 91 38 41 44 75 21 50 11 64 59 23 51 19 45 81 29 97 8 10 81 61 57 86 31 53 50 3 5 96 80 56 39 55 2 69 10 57 49 73 91 16 54 98 73 9 
66 5 23 90 10 97 18 22 41 1 28 76 2 31 17 91 87 86 17 1 15 92 67 30 13 88 48 67 38 86 23 67 5 4 82 11 10 75 39 49 66 28 87 55 56 85 46 34 46 94 48 97 1 99 49 86 69 43 33 7 33 24 12 33 25 13 96 16 57 26 74 74 6 27 52 8 13 17 28 89 39 93 9 61 20 94 73 26 29 66 65 92 32 75 55 60 7 79 37 78 
24 55 79 30 71 54 75 19 20 21 76 44 83 92 54 30 58 89 1 44 67 23 29 36 76 75 19 50 83 94 29 20 11 37 41 58 38 89 52 44 98 100 81 41 10 9 93 84 51 18 32 23 47 30 31 52 33 38 94 8 69 96 88 56 97 99 52 44 48 7 22 86 93 7 74 100 55 22 94 45 97 26 56 60 82 81 96 6 61 36 21 72 48 20 36 4 53 84 93 9 
35 23 77 14 82 69 9 81 82 33 30 80 58 85 49 57 50 45 96 91 99 98 54 49 70 7 24 75 12 50 71 78 44 74 65 91 99 4 54 80 60 81 44 15 26 64 3 65 41 17 98 10 97 31 77 39 18 43 70 48 25 53 27 93 89 84 87 91 69 67 42 68 33 15 4 75 94 18 59 26 11 24 24 69 49 61 20 1 36 99 18 23 88 49 93 98 31 99 92 29 
40 18 13 8 94 69 50 57 85 95 75 43 57 41 36 9 58 84 8 75 64 29 91 86 97 3 27 26 92 98 30 94 78 3 11 20 22 34 91 23 95 5 99 2 65 62 44 56 64 56 74 63 31 59 98 99 37 11 58 16 98 38 40 41 36 50 93 48 33 70 18 21 85 87 54 78 2 60 67 11 99 46 39 67 83 25 86 38 5 33 25 52 48 79 32 15 95 12 47 46 
26 38 46 18 47 66 7 99 18 77 39 78 10 3 13 65 56 62 88 39 89 2 35 54 2 83 20 35 23 62 55 50 4 74 8 87 58 19 1 52 86 48 84 83 71 35 96 63 93 30 32 12 99 69 59 3 81 11 18 16 43 32 4 26 54 55 29 99 76 42 54 65 35 87 62 55 94 56 31 29 76 71 26 51 10 36 44 52 63 58 41 31 42 3 58 90 47 21 50 59 
1 3 3 40 72 65 13 5 90 24 32 53 30 7 21 66 60 21 10 45 28 69 1 18 43 22 14 12 78 99 78 83 17 2 18 47 85 87 80 12 1 27 12 2 45 1 80 80 63 22 2 53 94 81 17 2 37 74 9 90 34 88 62 93 22 38 60 60 91 81 14 71 82 85 23 84 100 25 6 92 43 92 59 26 37 12 1 4 20 32 21 68 17 95 21 2 86 97 74 15 
40 98 29 54 85 8 92 37 75 19 50 47 37 14 77 24 79 81 85 25 26 12 51 13 65 22 56 19 2 8 74 19 97 48 51 27 47 37 11 20 97 82 30 33 11 61 74 89 37 12 16 68 62 17 100 44 41 37 1 44 29 91 50 80 18 34 75 17 97 71 41 46 57 82 56 87 90 30 64 39 32 44 12 46 11 83 69 7 68 17 90 26 13 3 57 70 65 18 38 27 
14 73 87 24 89 67 26 72 81 42 55 9 82 49 55 88 10 50 44 34 49 68 23 23 80 50 18 38 20 78 58 72 94 16 89 29 50 33 89 82 25 80 58 34 27 42 79 66 98 51 43 84 12 5 82 25 40 23 66 90 95 55 1 53 75 21 36 3 78 31 70 88 10 20 68 81 97 65 31 6 72 13 11 33 88 19 58 28 81 44 88 12 39 5 51 11 30 78 72 75 
66 23 75 33 25 35 73 96 7 26 22 67 24 88 68 60 68 58 55 43 80 63 1 75 42 82 52 77 97 83 53 26 38 20 33 82 9 40 98 94 72 25 41 65 79 12 22 73 4 59 5 72 56 45 16 16 80 88 40 82 48 87 63 82 3 4 24 64 100 81 33 27 13 72 39 36 14 20 69 97 43 45 86 53 82 7 19 91 63 70 20 61 40 58 6 32 95 35 64 48 
86 32 25 97 61 14 17 15 89 13 56 90 52 73 22 92 17 34 74 94 44 42 87 22 13 73 1 95 89 96 23 73 34 52 94 13 5 45 46 41 77 27 64 27 57 34 24 71 8 65 68 4 53 67 3 16 79 92 2 79 93 42 18 39 92 93 50 20 71 39 31 10 69 73 45 93 43 88 11 71 9 93 37 31 93 90 21 13 53 20 27 99 65 86 56 95 91 39 4 72 
32 42 9 18 88 88 56 71 4 31 35 7 31 40 27 37 75 59 27 75 77 94 8 98 45 95 78 80 40 24 84 74 83 71 53 35 53 74 19 23 21 55 35 59 13 55 64 58 99 52 33 55 10 53 93 70 82 22 55 24 70 90 20 88 94 67 17 68 88 42 98 16 62 52 86 15 81 56 97 94 33 9 94 45 66 28 92 63 50 14 12 94 86 76 91 4 92 70 82 23 
66 86 39 57 12 80 98 19 66 71 5 10 28 78 8 22 65 99 45 30 47 70 93 10 59 4 22 14 40 67 59 2 71 76 22 23 57 8 3 36 70 20 67 71 95 63 82 21 76 55 46 35 11 94 59 9 1 29 91 17 72 11 40 42 30 56 88 45 22 88 73 48 91 22 6 76 89 65 99 44 89 40 25 41 88 25 85 81 76 37 96 24 74 83 22 42 100 97 9 54 
84 64 17 33 90 44 22 43 23 29 56 61 100 68 24 60 25 46 94 28 47 10 52 80 33 27 88 93 50 46 1 44 79 29 85 56 96 20 63 9 89 50 86 9 99 43 61 92 62 16 54 11 59 8 82 34 15 72 24 69 30 79 33 95 76 89 8 52 23 51 86 77 42 97 59 23 65 78 17 28 58 73 52 89 94 99 28 75 1 79 3 11 63 15 50 34 65 51 32 42 
69 93 68 4 58 24 58 52 92 52 96 92 68 44 88 71 10 91 72 12 81 28 95 67 99 96 65 29 65 50 17 80 92 30 70 49 33 48 21 76 86 67 71 58 80 21 80 77 1 5 34 24 19 30 44 15 95 89 44 90 43 43 64 41 94 72 96 20 36 85 24 42 42 48 15 74 69 73 91 4 98 77 36 32 2 61 87 62 13 31 71 10 30 69 5 67 79 28 3 2 
44 69 84 96 50 90 99 60 71 84 85 69 57 100 100 14 13 74 70 47 68 81 15 23 66 43 60 46 68 71 74 78 22 2 21 76 92 42 35 65 84 1 72 70 54 53 20 74 70 94 26 51 50 85 19 81 54 40 64 38 20 79 42 48 54 28 7 13 38 30 86 54 29 56 72 99 89 43 3 52 37 59 97 24 66 53 43 29 43 35 74 10 51 32 55 69 75 62 41 81 
21 71 7 40 79 41 75 59 40 20 81 7 44 70 9 39 8 22 3 63 32 78 94 70 1 60 93 35 98 7 23 2 46 69 41 77 25 54 87 11 100 67 69 23 77 71 95 13 53 71 54 81 62 88 18 95 42 47 33 50 35 76 95 61 8 94 71 87 94 80 46 89 75 24 6 73 35 48 16 24 78 31 77 30 92 74 26 93 20 19 88 87 88 38 6 65 4 27 57 41 
34 20 27 23 81 80 97 14 21 71 62 51 84 20 25 82 7 79 10 10 51 12 43 29 12 7 44 83 96 9 47 22 42 26 43 60 61 26 59 64 8 88 28 37 74 61 26 42 66 84 69 29 63 3 60 96 29 82 21 7 72 24 26 88 50 71 6 73 60 66 16 30 48 97 98 20 83 42 33 93 48 33 100 80 11 33 17 62 2 18 15 53 88 18 97 100 86 36 71 28 
91 95 77 17 12 17 72 86 39 64 73 64 34 51 78 91 46 60 8 25 5 28 58 23 79 94 29 98 53 41 13 11 41 10 48 38 87 97 91 12 57 88 88 61 15 91 63 56 17 72 97 10 100 55 76 6 14 51 4 62 10 46 82 7 34 21 2 91 29 9 80 93 3 93 38 77 26 22 67 98 72 41 23 22 40 40 97 78 51 13 87 78 43 9 66 5 81 17 37 50 
59 3 26 73 23 13 43 24 33 28 99 64 70 61 81 45 31 21 80 97 75 69 80 70 15 16 66 72 53 1 18 4 1 30 23 32 81 69 10 50 25 82 34 39 90 44 99 98 40 45 33 9 71 2 61 91 79 62 54 84 56 80 7 77 85 28 56 27 94 16 64 82 42 64 25 12 59 36 41 11 14 78 86 83 49 94 22 28 44 5 89 82 92 35 93 58 82 12 11 33 
9 25 5 9 74 61 76 85 85 51 21 91 79 56 60 33 90 17 12 17 78 79 95 34 80 72 48 34 54 61 3 67 35 66 65 72 99 94 47 14 37 85 3 95 92 89 23 89 28 36 32 86 46 10 37 39 61 49 37 92 96 66 3 68 54 6 52 84 27 15 41 30 73 11 26 25 62 23 44 27 86 90 100 73 17 78 42 44 67 70 31 19 2 67 9 4 2 29 68 75 
29 57 54 80 11 63 19 5 98 36 16 26 5 76 51 34 58 51 35 21 87 84 74 51 77 72 40 72 92 13 20 77 100 12 80 57 11 59 27 9 17 84 94 79 76 14 5 65 85 5 80 64 43 77 10 30 35 91 12 56 88 85 79 76 48 87 33 75 58 2 2 89 1 69 86 87 25 86 90 65 19 56 82 48 1 8 9 74 38 11 38 53 28 68 70 3 89 39 54 41 
81 94 16 11 24 94 99 29 90 47 75 89 34 45 45 23 33 48 65 66 63 8 50 34 17 79 92 24 58 30 11 69 43 95 18 61 65 77 85 83 62 4 75 61 76 39 3 50 91 99 19 66 74 50 66 94 73 35 60 92 23 82 2 91 85 95 34 86 68 86 93 88 34 35 77 13 47 12 38 15 82 11 9 72 58 24 54 6 83 1 100 77 9 29 95 36 63 42 96 76 
37 100 41 34 26 37 84 55 86 31 4 21 16 95 87 22 73 56 34 31 38 22 53 34 43 98 25 52 58 36 98 70 76 53 76 100 10 8 50 63 94 39 51 40 28 32 45 86 65 63 62 45 7 77 39 27 32 35 54 78 1 39 87 27 27 42 69 2 64 15 76 91 1 96 46 71 46 73 43 70 71 91 59 7 10 42 3 46 55 88 59 36 92 62 44 82 74 78 69 7 
81 87 87 61 70 17 62 34 95 66 90 53 17 86 21 7 23 16 14 31 48 55 40 24 75 98 19 36 9 41 89 92 31 50 52 80 5 11 57 56 95 38 9 98 59 98 6 68 75 20 14 15 16 16 8 2 95 44 67 45 91 55 64 33 6 29 25 31 80 29 29 1 43 81 28 44 81 53 24 48 63 40 82 84 99 28 87 94 18 10 19 92 71 40 41 85 22 75 5 86 
89 99 29 12 44 9 36 6 52 3 65 80 42 8 43 39 97 94 29 51 7 46 97 100 78 35 3 68 17 72 39 84 2 23 91 62 30 100 34 19 78 5 2 46 49 86 11 83 69 64 95 40 59 94 66 6 31 80 26 34 8 76 16 26 34 89 47 72 18 11 75 39 71 75 4 75 69 42 79 94 55 43 14 2 42 96 47 20 16 4 76 98 23 88 82 2 34 61 75 80 
51 91 95 65 10 99 25 75 78 16 49 54 36 10 51 14 65 49 36 78 17 88 7 94 68 1 1 2 67 4 32 37 99 47 59 92 40 22 73 50 11 17 41 7 82 88 53 52 27 19 35 83 80 64 21 88 73 7 4 95 60 64 85 5 99 91 50 90 82 34 98 10 37 36 39 15 90 42 18 84 55 69 1 4 90 89 67 78 19 83 7 15 88 16 86 19 22 73 91 90 
59 97 86 81 23 47 15 69 2 73 17 95 58 16 39 4 9 96 83 74 38 74 94 57 86 45 63 19 17 39 28 85 36 55 63 90 33 71 24 27 99 58 65 85 34 19 89 65 35 35 89 48 25 38 38 81 97 86 32 39 15 64 70 32 75 52 65 61 11 22 89 4 29 13 69 32 58 54 62 81 87 25 49 35 9 4 74 87 29 27 43 97 2 96 68 45 79 80 15 24 
43 80 40 77 24 88 44 92 22 76 23 6 1 36 17 63 82 61 18 54 2 34 40 49 95 74 79 24 69 58 49 33 96 76 80 90 40 96 74 60 80 17 66 56 62 76 12 68 17 15 3 93 37 94 9 95 89 91 19 61 36 86 4 27 27 95 10 28 41 100 25 48 96 11 91 92 3 12 54 46 90 52 55 18 66 41 76 67 98 94 15 19 12 96 48 43 61 82 8 43 
55 61 90 72 69 88 19 4 53 53 20 37 37 46 95 37 71 7 46 8 83 58 27 24 88 76 42 38 83 81 53 91 27 23 42 85 64 56 57 63 64 23 95 64 75 61 44 19 63 10 33 63 50 67 71 78 63 52 94 45 40 69 74 9 61 58 12 81 91 88 50 11 34 78 5 65 31 48 3 37 74 8 11 43 38 74 51 61 95 13 88 93 77 49 20 41 45 78 34 71 
52 53 52 76 12 47 21 87 26 70 31 15 16 90 55 22 21 56 76 78 77 65 5 80 79 99 33 87 78 4 16 84 46 36 64 15 75 8 69 14 76 70 3 27 94 62 48 32 43 25 27 90 90 11 10 96 29 4 86 34 21 27 83 82 30 67 85 37 8 27 11 53 37 37 16 73 31 44 49 59 26 15 94 100 11 41 84 55 56 35 3 63 19 18 34 71 25 67 58 56 
65 23 37 58 9 61 68 73 66 31 1 3 52 34 10 66 48 61 62 63 45 27 44 64 62 16 28 14 41 35 41 89 97 60 87 54 15 59 57 76 13 15 88 73 5 49 70 63 84 98 89 84 84 61 74 67 27 6 63 55 40 72 50 41 88 28 40 13 49 97 44 22 26 94 15 66 68 74 46 33 98 77 89 60 5 87 71 49 67 75 89 93 13 48 6 62 13 91 74 11 
48 89 24 63 63 26 23 96 10 34 54 46 71 34 92 5 42 93 50 13 54 37 44 24 15 18 78 52 29 56 93 8 68 19 45 67 90 99 38 97 61 5 96 92 46 29 73 24 83 80 16 59 70 34 85 50 3 27 1 20 41 35 92 57 70 50 20 31 96 96 44 2 33 82 6 74 50 44 95 85 61 68 16 43 72 90 28 46 60 39 40 40 21 6 87 52 29 95 81 8 
53 23 53 48 79 71 94 44 67 63 68 13 1 15 89 37 69 26 94 25 69 78 31 64 91 54 5 22 23 85 59 69 1 34 87 75 17 20 90 36 65 14 77 87 54 8 45 71 35 19 85 40 77 62 18 35 43 13 52 59 22 88 22 35 16 37 89 77 84 66 28 73 31 96 61 16 1 89 76 52 16 89 70 26 85 18 94 11 94 70 59 76 68 36 94 34 25 42 34 99 
66 47 44 95 69 94 73 99 66 46 95 19 71 6 95 53 23 91 49 63 31 75 22 40 16 17 95 53 30 94 1 50 1 1 27 54 38 28 92 70 76 80 30 36 24 10 33 81 68 63 50 62 9 49 16 28 17 63 91 95 28 67 99 8 28 16 42 7 87 40 4 4 64 87 98 68 79 86 23 35 77 82 79 60 76 75 71 42 86 26 16 76 100 55 99 12 5 32 24 60 
49 88 3 21 2 30 14 71 82 55 32 53 45 64 98 5 72 80 21 63 34 98 60 86 42 5 40 4 32 76 29 36 64 11 64 31 4 91 67 64 49 61 43 28 31 48 57 42 14 28 22 93 28 80 96 47 23 52 50 33 80 50 93 79 36 37 72 67 55 67 13 65 48 16 53 72 33 93 59 40 19 65 32 6 59 63 83 28 33 2 7 9 68 30 96 77 5 20 2 96 
68 10 30 38 11 36 30 61 57 23 26 95 93 86 17 57 82 24 3 51 20 20 48 47 63 54 19 94 62 54 37 27 21 72 73 82 59 58 36 19 38 35 82 24 8 29 67 7 49 49 79 59 23 3 38 47 26 88 29 23 93 16 33 16 17 25 74 4 65 43 29 30 42 52 92 85 91 26 88 83 44 94 75 9 78 94 66 5 6 50 76 8 12 1 24 26 11 71 92 40 
