50 50 25
70 58 7 89 13 7 97 95 58 80 3 86 7 88 7 63 4 12 41 40 37 46 92 38 65 36 77 64 27 42 65 19 3 47 21 71 6 19 20 95 34 78 11 29 15 59 22 12 33 87 
89 23 2 92 69 90 7 7 21 16 15 14 34 85 81 7 34 72 43 35 99 45 55 36 46 89 4 86 75 32 10 48 31 71 49 59 53 3 41 33 99 95 100 24 9 52 95 50 76 36 
35 54 91 72 28 92 78 94 81 86 99 51 93 63 74 20 60 70 98 24 96 37 17 46 92 96 79 8 10 50 59 59 1 78 67 86 16 66 58 23 54 99 58 50 9 28 15 35 67 74 
57 82 77 28 55 8 10 51 22 78 95 26 54 81 63 17 33 60 53 42 22 47 59 76 85 7 81 44 36 2 4 84 55 66 90 66 37 28 60 98 3 53 59 45 58 54 72 53 26 69 
34 36 59 99 4 74 65 71 27 100 86 93 82 73 38 29 67 17 84 5 25 99 30 55 5 97 9 95 28 99 65 10 56 59 55 58 85 64 44 60 74 48 6 61 83 28 29 60 6 22 
90 38 41 6 53 73 100 65 99 97 33 5 59 78 83 22 27 58 5 23 97 53 50 89 83 21 38 31 81 36 8 66 55 76 60 85 85 65 43 47 17 25 22 78 29 32 80 66 72 25 
49 25 83 54 3 90 56 76 9 80 32 64 55 95 8 92 64 29 99 34 72 27 99 21 100 78 33 81 23 10 15 35 90 80 54 35 33 16 76 7 42 21 73 8 69 27 31 96 47 36 
68 66 57 16 93 65 94 41 91 31 20 81 96 25 75 85 46 76 31 32 91 6 21 55 63 52 40 67 2 64 17 69 24 90 78 83 100 78 9 62 36 35 35 8 65 66 36 36 59 39 
91 69 74 65 47 21 64 49 77 8 56 40 95 48 51 96 21 22 7 65 72 35 31 87 100 28 81 43 6 33 87 47 79 2 55 50 22 3 96 58 67 19 36 33 35 37 43 88 81 72 
48 13 22 29 78 14 44 76 13 36 64 42 92 70 78 47 65 65 94 47 95 57 53 83 14 16 22 5 40 84 38 65 51 39 94 36 77 78 89 56 96 13 97 47 31 46 17 89 83 79 
3 62 73 61 14 17 57 68 74 79 93 93 43 31 78 32 67 6 35 88 99 23 48 53 39 82 46 15 45 63 84 76 12 66 57 56 49 28 3 58 7 91 30 94 59 87 73 40 30 80 
83 6 60 18 47 39 25 93 97 11 69 36 69 67 79 61 21 90 46 34 28 88 64 4 89 13 19 67 16 15 20 7 73 78 66 48 30 67 54 36 85 98 95 82 59 7 41 41 19 77 
27 44 58 19 39 15 54 63 28 62 58 41 7 86 34 46 43 63 82 86 25 9 13 69 74 68 59 53 15 22 4 85 7 75 77 61 27 21 99 61 70 75 47 48 8 68 44 92 37 86 
50 33 99 49 3 98 79 84 26 94 8 41 53 84 60 100 44 75 77 40 61 51 49 81 19 8 17 19 6 86 66 62 79 50 86 4 4 56 44 24 81 68 66 66 85 39 53 75 24 15 
96 92 78 87 40 23 43 82 83 20 39 1 76 24 77 64 77 72 9 56 43 35 15 2 52 78 38 43 67 69 49 28 34 81 68 26 65 31 3 9 99 49 19 60 9 100 5 65 42 89 
25 56 33 73 64 17 37 91 12 98 97 5 70 50 61 37 61 39 80 4 52 66 56 57 24 95 27 54 15 74 3 61 63 77 83 79 90 70 46 85 71 9 35 46 98 23 38 55 23 53 
10 86 34 75 52 45 72 86 99 67 95 70 64 71 67 42 83 84 91 61 17 81 93 18 19 80 23 99 74 87 98 76 9 27 70 20 28 2 100 58 63 68 86 43 28 14 18 20 91 40 
70 72 22 56 30 12 62 8 41 26 24 76 96 24 10 63 71 80 26 97 55 61 77 55 36 50 23 64 21 70 26 62 12 16 74 6 85 56 94 29 59 93 68 67 80 95 38 96 59 90 
61 94 85 26 68 36 87 65 81 100 78 75 7 11 11 98 11 76 1 30 5 49 92 41 47 43 88 19 19 33 61 92 98 92 73 57 57 61 7 99 11 77 30 22 32 30 85 90 31 47 
23 76 19 13 51 44 95 5 20 100 17 88 62 65 89 82 46 69 28 90 12 85 98 47 64 95 90 3 64 89 17 4 69 85 7 93 35 24 73 71 29 23 91 82 69 36 43 61 37 13 
53 84 98 34 77 60 36 3 23 36 86 12 99 29 80 31 4 83 40 20 3 63 77 96 99 13 12 74 73 43 67 67 20 5 85 96 99 91 56 62 70 13 54 81 98 8 99 39 67 67 
80 1 2 15 96 76 44 70 92 56 3 49 65 83 14 91 64 23 91 92 78 61 73 39 86 4 76 40 32 37 12 20 99 78 73 7 99 37 71 9 26 69 53 82 97 30 36 46 34 4 
33 6 58 34 82 16 20 76 40 19 67 25 54 53 41 80 79 63 98 99 92 44 1 55 9 95 28 45 63 87 96 91 35 93 34 93 72 40 31 7 1 5 3 91 4 77 42 14 39 89 
91 49 33 48 79 50 66 8 66 73 33 91 27 52 30 80 74 50 100 97 31 74 12 24 88 59 27 26 12 14 13 26 85 75 19 54 59 52 91 95 55 43 85 97 88 94 65 91 52 56 
4 67 86 68 13 59 86 42 2 33 67 46 33 41 95 94 35 46 64 19 59 70 30 61 30 60 85 48 74 90 99 55 89 74 23 71 77 43 90 33 23 56 57 14 76 59 11 64 51 83 
7 23 69 19 79 8 86 57 9 10 52 40 59 12 100 1 98 8 72 75 32 9 22 75 74 59 5 87 12 34 22 45 42 33 95 72 48 23 76 99 33 37 11 67 38 23 80 27 64 80 
57 69 44 28 94 42 34 79 41 57 97 61 48 87 35 61 20 58 95 81 89 57 44 16 11 28 20 29 60 1 59 31 87 28 80 70 69 90 19 86 49 57 95 88 13 93 69 87 91 65 
47 75 89 18 80 88 5 57 77 54 22 65 34 47 91 100 15 24 62 61 66 21 58 42 15 78 96 91 6 94 68 60 94 60 21 53 73 48 17 92 90 51 67 54 10 49 63 53 28 72 
74 36 66 3 9 78 78 55 87 64 51 32 89 34 88 21 85 27 57 80 86 62 60 20 18 56 81 52 30 30 11 20 31 86 86 99 84 28 14 86 5 9 58 65 2 95 36 8 38 62 
33 5 62 53 87 94 88 26 81 73 22 64 63 50 29 54 87 58 77 19 58 50 5 54 63 96 94 5 48 59 92 9 31 10 91 83 67 46 100 45 71 28 77 51 58 40 28 47 88 37 
67 45 73 85 23 18 73 43 85 89 31 89 45 70 63 17 56 53 68 29 24 52 74 1 19 57 76 81 97 26 97 21 54 1 44 21 3 27 22 75 3 28 40 95 97 17 97 50 59 76 
57 80 32 28 49 62 98 12 57 63 17 14 62 91 71 71 83 42 85 23 25 79 6 52 16 47 32 21 18 42 26 32 42 5 56 86 83 5 28 47 54 73 39 76 56 66 54 17 20 61 
98 92 12 83 21 67 24 9 5 65 71 30 5 38 71 24 44 72 84 99 73 33 86 44 53 38 60 9 90 33 82 89 58 77 95 20 92 33 99 34 39 39 93 24 34 31 89 60 25 31 
96 54 95 65 22 42 28 1 76 38 89 51 46 43 36 31 57 68 81 76 16 88 31 3 73 88 29 13 51 91 64 28 29 67 47 87 92 95 18 30 29 24 36 92 81 65 73 52 88 56 
53 32 30 59 79 27 42 7 78 26 64 73 7 60 60 10 40 67 8 56 50 91 36 14 19 34 85 20 25 69 58 36 50 74 81 81 75 47 64 19 79 28 87 72 26 54 89 24 30 79 
26 42 56 23 4 27 2 22 45 54 54 22 36 17 17 2 95 38 17 23 27 27 66 16 54 66 72 81 68 15 99 56 35 95 39 2 23 30 45 6 40 56 65 73 37 23 47 14 8 99 
15 6 74 38 45 17 47 7 54 98 81 21 24 40 81 98 14 100 95 2 27 32 31 83 63 95 52 63 2 63 87 27 55 84 64 5 63 16 61 11 79 46 47 35 79 24 20 54 60 4 
88 21 48 39 23 20 56 70 9 7 32 28 16 41 29 95 71 61 12 82 48 79 50 84 22 42 15 30 3 71 11 91 12 92 70 47 3 3 90 22 78 11 35 89 66 6 23 100 43 78 
73 33 88 66 77 18 49 12 79 67 55 75 4 81 43 88 68 57 50 57 24 87 71 10 36 72 16 41 82 2 68 67 31 29 4 45 78 13 96 15 98 78 49 18 74 46 56 30 29 32 
89 95 30 97 52 83 48 57 97 18 50 99 59 57 99 76 45 87 49 36 72 60 8 34 70 84 64 31 35 86 91 15 63 63 95 82 61 25 52 91 79 95 45 12 44 40 62 98 3 43 
11 72 20 71 55 99 6 31 18 33 18 83 84 34 42 80 37 68 35 71 5 86 76 66 72 89 86 47 91 79 22 5 41 8 51 2 70 77 98 37 93 26 30 59 37 35 81 13 24 28 
85 86 84 53 26 78 59 14 66 62 10 86 31 27 60 38 83 61 38 81 81 57 40 49 74 57 68 65 10 51 38 57 74 44 34 58 17 36 18 33 87 77 25 29 87 43 12 85 52 83 
15 57 28 85 13 93 19 88 15 60 19 86 11 36 59 44 1 52 83 74 79 2 64 67 6 99 28 52 93 56 33 64 52 86 52 11 7 32 44 2 21 91 82 67 52 53 51 74 88 5 
96 4 54 100 61 36 80 65 33 73 15 57 21 38 70 78 37 25 64 70 51 65 25 7 3 72 95 89 51 86 21 98 49 53 24 72 19 71 45 70 88 44 57 83 85 8 19 59 42 1 
9 3 29 78 78 16 62 6 26 40 26 69 56 91 8 65 55 12 36 27 85 80 53 98 35 14 85 37 74 37 13 68 42 82 56 46 32 55 31 19 46 85 73 63 59 83 94 91 7 18 
40 85 39 33 26 86 55 76 74 35 31 43 32 82 59 25 1 83 97 98 25 79 63 19 6 16 8 89 79 52 78 79 18 72 63 72 79 15 80 75 33 69 85 40 18 34 96 75 91 98 
1 91 100 63 86 68 83 49 94 8 77 78 42 14 51 88 90 79 91 3 46 72 6 45 23 3 76 36 66 72 72 88 52 68 18 52 50 79 62 53 11 71 14 86 41 10 4 22 52 1 
7 61 14 40 15 55 31 67 69 96 14 24 70 81 72 87 47 16 15 37 80 81 32 49 55 93 79 47 94 89 84 36 35 91 44 17 6 33 43 22 23 87 91 24 43 41 51 87 85 25 
11 70 43 90 75 97 7 86 21 82 85 89 3 64 51 52 75 41 92 28 86 82 30 54 42 3 40 27 67 27 94 77 34 26 50 58 97 26 79 32 12 63 18 48 65 67 3 68 77 41 
32 38 11 68 90 18 52 64 82 3 100 33 13 90 17 54 49 47 6 7 84 13 58 71 29 92 82 31 96 62 6 26 21 67 18 95 82 75 92 38 52 13 8 5 53 27 10 73 95 87 
