20 20 50
92 62 19 87 40 68 52 58 41 23 13 80 72 93 20 54 88 44 84 51 
10 26 27 60 100 63 10 20 50 56 23 91 17 5 2 3 14 27 12 37 
4 76 86 63 60 96 90 44 49 21 49 95 75 16 85 97 25 36 35 97 
54 19 62 80 59 80 94 92 18 63 55 30 76 93 59 69 15 40 38 42 
60 29 13 74 70 50 43 67 19 73 99 70 86 77 65 46 2 55 37 49 
50 15 74 10 24 42 63 42 72 60 53 89 96 89 12 48 31 83 44 95 
55 22 40 68 21 76 37 97 71 74 94 39 48 81 88 52 16 36 30 96 
64 54 76 89 100 3 6 58 81 32 94 21 15 76 60 5 68 9 14 36 
35 65 14 95 92 32 39 63 10 38 62 65 38 2 56 100 14 60 16 16 
89 43 45 44 50 48 45 48 65 44 39 35 30 52 41 82 91 29 82 51 
67 25 56 39 46 70 53 24 22 99 100 52 39 50 88 42 77 13 83 50 
23 75 21 59 22 81 49 79 16 2 58 29 55 23 77 32 57 40 35 8 
27 16 64 19 55 43 80 86 73 55 81 100 79 77 89 54 46 77 61 28 
97 83 15 67 91 21 12 54 78 44 21 90 34 95 100 30 20 29 22 82 
60 52 49 1 23 40 95 8 92 93 83 68 3 75 37 100 16 31 17 5 
87 58 18 61 14 15 69 94 37 64 89 51 10 57 90 32 58 92 24 58 
51 60 13 29 55 69 78 93 16 58 87 23 80 61 19 100 85 86 74 76 
7 70 2 40 14 67 87 66 36 75 85 27 10 87 5 60 19 50 71 44 
25 69 48 74 2 83 49 37 82 1 70 6 74 93 48 57 91 36 20 43 
29 70 73 5 11 68 99 90 34 44 54 98 33 63 15 34 41 34 59 81 
