100 100 36
3 64 73 30 29 99 90 52 86 53 60 98 79 81 81 11 51 33 48 82 6 93 13 56 2 49 85 80 1 91 6 10 52 14 19 78 78 25 1 15 78 16 22 2 85 57 48 68 80 75 57 48 31 2 50 66 99 35 77 28 6 99 74 35 89 30 8 18 46 16 40 81 57 46 30 90 6 83 34 7 35 97 62 63 55 13 91 3 45 81 41 68 54 23 97 53 64 68 94 32 
13 14 86 99 49 17 32 36 64 93 34 99 67 76 39 71 30 91 54 75 99 85 97 34 81 12 45 10 13 95 10 46 69 75 94 55 100 23 68 89 76 48 98 79 73 93 7 24 46 26 14 80 11 99 49 99 82 54 26 32 98 96 34 83 25 92 88 31 52 42 27 67 83 99 46 4 31 77 5 99 15 93 2 72 89 63 93 78 80 81 67 18 93 12 30 95 83 30 97 70 
29 3 49 5 57 77 3 10 97 43 50 96 24 30 13 91 40 92 47 54 95 28 56 70 58 94 22 77 4 37 58 25 40 14 54 84 67 5 84 58 70 73 8 48 20 54 41 94 3 17 9 64 32 58 36 53 85 74 31 2 100 100 52 78 66 38 20 6 69 19 37 71 6 14 7 6 14 67 58 96 50 86 23 72 83 35 17 63 6 6 28 1 20 69 74 95 11 22 1 73 
86 56 43 61 25 38 69 82 38 21 83 31 21 94 61 22 39 9 83 33 91 94 37 56 49 40 65 39 10 63 26 85 88 85 58 81 4 89 100 93 23 24 7 72 80 72 34 3 39 26 65 79 22 61 30 69 68 22 74 38 59 95 85 8 92 71 74 17 93 87 99 74 46 41 26 5 64 41 56 35 62 84 66 32 4 12 81 67 37 38 16 8 67 76 97 47 80 93 91 36 
94 63 85 86 78 93 23 46 57 10 72 28 25 10 19 33 70 20 51 21 50 48 38 67 59 99 2 61 36 86 98 10 35 79 77 61 17 22 63 75 96 95 63 26 87 60 17 43 47 99 39 16 48 1 17 58 28 11 58 41 83 56 61 14 63 23 92 20 71 78 37 94 61 32 79 53 80 65 82 84 74 47 16 17 40 38 28 12 39 17 64 34 59 38 5 11 13 11 71 38 
96 96 11 65 35 76 26 17 72 69 15 13 50 51 74 71 55 45 59 41 86 76 55 96 34 66 61 66 74 66 92 79 27 73 56 56 53 53 16 2 7 79 95 11 71 35 98 70 70 59 3 94 92 1 65 55 80 19 93 35 20 21 3 76 60 2 2 79 51 78 56 95 88 41 13 59 94 86 66 87 53 3 71 66 92 47 82 92 1 75 12 14 50 67 39 74 99 64 62 1 
23 22 89 75 51 20 62 5 71 33 44 88 34 47 72 12 88 1 75 34 7 50 72 84 39 20 26 94 3 25 54 27 23 72 54 35 4 91 69 97 46 4 34 46 71 45 30 24 80 100 42 41 88 54 58 50 5 65 97 10 92 59 20 90 46 39 26 53 86 66 21 44 44 4 37 7 57 55 28 10 13 97 43 30 46 16 21 6 77 20 45 62 77 35 18 21 90 45 82 15 
2 36 93 48 22 36 29 1 48 15 69 7 66 90 22 7 1 38 36 20 66 32 2 67 82 79 65 48 30 50 16 70 41 29 26 45 61 86 30 34 45 27 64 29 74 18 45 50 73 55 35 47 22 44 46 19 29 91 6 77 42 21 79 31 7 77 4 11 33 64 86 64 27 23 47 1 48 66 35 23 11 97 19 49 35 89 90 70 31 21 84 81 73 28 41 71 73 27 80 18 
89 21 90 88 40 15 31 57 87 7 37 88 69 13 81 45 14 99 7 86 79 90 85 27 58 44 84 95 69 6 67 93 70 59 11 73 19 31 92 75 30 10 16 11 69 85 69 39 91 80 67 6 66 87 90 5 73 84 49 79 57 31 59 3 7 55 10 62 22 92 17 70 49 78 40 29 90 53 41 77 38 83 97 54 99 30 9 38 15 15 26 38 56 77 84 67 85 76 37 85 
69 58 52 32 97 94 23 60 48 82 15 56 4 87 27 26 71 19 50 13 10 69 16 81 65 29 27 86 29 33 93 39 34 32 69 65 25 21 43 24 23 39 67 8 11 30 59 54 24 37 23 28 92 85 86 26 60 6 20 14 3 81 62 7 84 84 81 30 11 82 62 95 100 7 34 60 31 24 96 29 13 7 8 20 31 83 83 69 85 83 24 37 59 70 37 41 61 93 39 94 
19 86 67 18 12 1 42 1 8 27 80 59 10 5 31 64 49 16 12 43 18 86 84 16 56 97 6 54 40 22 66 80 81 71 54 93 79 12 85 5 88 47 80 32 22 90 47 2 43 69 59 66 10 6 9 50 44 78 4 90 25 31 84 46 95 99 53 29 15 21 92 24 70 6 51 71 79 75 17 1 31 99 87 59 14 40 16 41 80 43 53 29 33 61 25 74 47 56 1 92 
26 14 4 72 57 19 20 55 95 62 48 96 40 91 41 38 73 20 54 78 34 31 93 92 82 22 78 99 78 30 55 53 5 23 92 91 69 11 62 63 83 99 16 39 86 89 80 80 84 86 12 4 99 5 86 83 73 75 94 56 64 16 75 65 98 11 85 63 90 62 89 37 26 91 3 2 44 35 13 94 97 7 35 67 31 66 83 21 25 61 87 89 98 89 98 95 19 73 58 16 
52 23 79 30 47 18 51 32 37 99 66 7 37 52 92 74 70 28 11 38 43 42 49 16 16 12 19 9 21 84 48 18 6 41 17 33 9 92 27 8 92 60 78 3 92 45 25 68 65 91 53 98 7 14 69 60 60 50 12 77 6 48 68 3 74 91 98 71 32 7 100 81 12 65 54 94 85 1 6 23 45 61 36 35 38 20 100 93 29 28 44 39 43 75 48 16 51 95 99 45 
5 89 60 38 58 65 78 42 10 17 53 82 49 42 34 81 33 8 32 84 5 48 88 42 62 62 35 99 36 19 57 18 79 9 21 85 8 29 25 36 65 3 51 86 50 78 28 16 85 38 65 60 84 25 81 58 44 68 68 57 18 20 6 21 6 75 67 65 64 13 37 70 71 64 32 45 38 37 58 81 10 60 48 87 23 97 61 29 51 96 94 68 63 27 66 66 10 72 18 43 
17 41 44 61 21 46 46 91 100 4 79 63 73 54 14 51 52 43 26 66 28 99 37 78 72 20 55 40 46 72 99 36 8 50 5 55 51 93 82 37 18 41 23 21 17 88 22 19 51 65 95 46 83 56 47 77 7 95 4 81 67 46 44 91 22 75 55 58 68 86 100 83 76 24 79 100 91 14 39 15 35 16 36 37 68 55 76 32 70 75 16 25 58 84 45 99 66 87 8 58 
89 24 50 87 92 23 72 42 75 74 44 100 98 53 11 75 45 90 36 3 3 97 62 31 49 39 38 84 71 19 7 15 28 8 98 91 74 44 44 7 50 64 73 99 29 56 9 39 56 57 78 68 92 9 34 62 67 99 71 8 98 4 33 85 63 27 100 13 29 23 32 56 8 89 45 88 62 97 80 53 59 51 72 75 7 30 11 57 92 9 62 3 30 36 53 17 88 68 84 12 
17 61 20 48 83 26 94 86 99 76 99 29 81 25 70 67 72 54 97 3 59 69 20 35 72 100 62 90 79 87 2 29 24 66 15 3 38 72 69 33 36 83 32 29 41 4 16 95 2 35 91 13 7 6 6 80 16 43 39 18 42 78 19 2 88 13 31 54 1 96 45 76 9 26 2 68 72 32 74 78 16 80 17 54 82 28 100 50 86 1 95 93 80 33 71 75 39 54 73 71 
4 45 9 42 84 83 23 31 31 35 71 39 78 69 70 90 44 68 90 66 7 51 9 36 27 83 92 95 97 82 21 100 69 32 76 83 61 25 95 41 39 13 38 57 81 17 89 32 2 26 100 52 78 48 40 26 17 64 79 12 99 66 49 71 34 20 91 43 100 63 12 11 4 5 63 43 20 7 50 2 52 9 70 71 34 97 78 96 43 40 75 73 39 31 41 77 88 69 83 36 
1 18 52 22 31 21 18 72 65 61 71 16 83 38 89 5 1 4 55 61 8 28 81 3 33 56 6 17 4 53 30 86 20 92 10 73 67 56 29 71 49 51 46 63 47 62 84 51 86 47 18 8 72 32 82 41 64 24 100 92 96 25 59 40 50 79 74 66 30 92 11 4 56 89 77 21 70 16 63 60 44 48 76 86 72 49 30 93 27 85 1 14 19 71 68 86 27 21 34 92 
49 96 80 84 77 6 78 29 57 8 85 22 7 36 93 55 63 63 6 3 3 34 94 66 24 25 70 53 80 63 4 19 43 35 15 21 75 68 99 18 16 4 57 51 35 35 25 25 50 33 75 74 79 90 5 69 76 27 80 100 93 95 46 72 99 77 33 83 99 3 59 36 27 57 39 2 82 90 35 86 86 62 50 5 69 32 43 90 13 2 12 66 72 34 14 40 100 80 44 87 
97 14 17 13 28 44 95 49 57 61 50 32 22 13 60 4 98 16 40 16 68 94 41 96 100 76 30 54 13 28 51 86 97 78 94 24 58 95 19 62 20 25 80 34 75 91 24 44 34 39 33 42 9 41 78 61 82 83 42 26 61 8 78 51 53 6 27 28 42 32 39 17 17 42 57 4 74 29 29 82 32 26 44 84 99 28 27 98 47 88 80 25 62 57 12 84 82 74 42 53 
43 59 28 45 49 86 14 91 60 40 66 22 38 10 66 35 88 18 56 68 2 41 50 96 69 50 48 18 64 33 51 89 70 63 86 11 65 34 25 100 63 95 64 69 71 23 92 47 49 89 39 16 5 75 21 32 38 8 80 82 34 32 6 95 98 16 19 4 46 9 90 10 60 27 58 76 68 32 36 2 9 47 2 11 80 88 25 6 38 2 66 84 6 10 28 94 84 35 24 96 
73 7 38 15 29 92 9 98 50 7 4 57 10 24 74 7 24 48 83 4 25 2 18 9 9 46 28 2 30 58 36 52 97 67 25 8 94 99 18 46 52 7 69 80 28 17 89 36 86 57 13 77 86 74 28 80 87 53 20 28 22 55 81 82 2 23 43 17 27 5 29 56 26 35 11 24 53 6 29 39 78 62 19 51 43 88 49 39 98 57 65 7 9 75 98 24 55 36 16 83 
19 32 60 73 82 55 24 62 94 58 10 83 21 17 6 7 7 18 32 30 52 92 89 48 93 45 90 17 40 20 75 19 73 18 76 72 47 100 24 83 36 51 45 60 44 47 52 60 18 41 6 90 33 2 32 32 25 48 62 12 49 68 53 14 57 11 22 100 22 29 6 89 26 72 59 27 58 22 81 84 93 38 34 68 23 13 40 17 9 46 19 19 72 30 89 90 64 67 53 21 
73 66 61 55 66 2 75 68 30 26 61 54 84 49 14 34 59 37 34 21 12 24 92 67 79 63 98 68 57 41 34 33 21 26 29 63 88 59 65 30 36 47 70 52 57 23 100 19 41 44 91 16 60 82 15 15 33 41 99 88 25 98 11 33 10 71 91 8 94 67 63 81 58 23 44 67 98 4 100 94 61 86 77 41 87 54 15 88 69 13 15 66 25 70 75 53 64 65 71 61 
43 14 7 10 61 44 44 54 4 76 12 65 67 85 24 80 49 29 81 33 47 53 73 32 49 86 2 4 53 3 12 97 53 26 19 77 96 16 84 2 21 85 97 1 24 90 63 45 76 73 19 53 44 8 32 29 54 82 4 2 58 76 17 87 84 65 55 14 5 58 87 22 35 11 2 5 77 96 46 35 94 72 83 97 84 26 41 63 67 92 58 63 61 16 20 36 28 99 72 28 
63 16 51 30 50 54 15 11 76 69 85 74 13 67 30 37 40 54 59 89 74 9 65 39 20 94 50 93 79 52 91 2 59 25 13 37 45 34 10 49 57 21 54 79 82 25 18 93 60 93 73 70 71 64 2 69 28 46 21 5 86 33 79 80 58 97 1 60 83 9 47 64 84 82 63 62 37 61 40 17 92 24 54 15 69 7 84 81 96 32 68 17 80 73 86 50 13 1 56 88 
69 84 82 85 27 62 26 66 4 70 71 67 25 98 51 6 54 26 31 68 84 7 50 17 1 2 13 70 99 25 85 87 30 89 28 87 95 40 82 89 56 86 63 51 17 57 91 24 77 58 19 27 54 45 72 5 81 96 45 58 16 21 25 96 56 68 31 1 34 58 98 21 56 9 35 58 20 41 65 34 32 67 40 26 56 75 98 32 31 36 91 84 91 61 89 34 28 31 29 14 
65 94 86 32 50 47 50 59 49 10 39 6 12 96 90 29 41 38 86 74 61 64 91 31 35 29 62 1 35 13 84 75 24 17 1 43 46 81 31 37 2 18 6 10 21 34 20 19 76 35 92 44 10 46 38 68 48 48 5 47 15 43 59 5 75 6 10 73 73 82 12 31 27 50 52 63 68 27 85 85 44 56 98 59 25 12 72 3 44 68 71 43 55 66 64 86 14 28 97 6 
96 43 79 8 87 27 43 9 18 87 29 80 54 3 12 88 57 35 61 7 83 75 26 48 9 1 8 9 90 48 27 100 60 58 82 17 31 64 65 16 20 59 22 93 91 8 33 37 40 9 23 99 76 36 59 2 49 50 77 9 73 52 44 83 91 61 62 12 74 19 84 58 72 20 93 59 6 38 69 2 10 46 14 1 84 53 65 50 79 89 85 18 97 53 66 80 33 38 46 92 
18 90 30 85 71 63 72 80 21 43 53 13 25 67 73 17 1 8 19 15 95 85 2 1 99 36 44 69 20 15 55 82 44 55 60 97 66 27 44 81 99 98 69 12 93 29 35 88 1 75 59 83 53 87 46 26 2 19 87 26 13 19 12 56 46 4 77 91 91 73 91 29 52 70 51 34 61 63 9 59 34 38 18 61 84 4 11 89 53 4 30 52 3 49 17 16 87 85 62 20 
94 40 41 42 17 59 4 85 12 23 3 59 30 36 94 77 63 20 44 57 10 38 21 88 82 27 83 77 58 30 67 61 34 98 84 21 25 44 30 85 3 19 14 10 96 20 84 66 60 7 32 26 55 48 76 37 10 12 53 44 53 41 48 61 29 26 12 68 65 94 32 13 69 73 27 79 63 6 95 39 23 91 99 57 65 42 62 38 79 17 23 44 77 24 65 53 6 39 45 96 
43 43 90 50 61 14 81 45 16 53 22 76 76 20 35 84 12 89 8 92 97 68 8 63 40 56 66 24 67 65 67 22 2 51 32 80 61 58 58 95 93 26 80 99 84 71 41 21 83 74 87 53 51 35 80 51 23 88 16 100 87 26 69 29 50 83 62 16 45 39 73 93 37 33 41 8 65 83 65 27 89 66 54 55 8 8 39 82 60 99 88 50 97 8 94 28 11 17 67 37 
69 5 62 25 57 85 26 77 26 9 46 79 26 71 96 2 89 62 56 87 11 15 48 48 81 34 50 50 14 1 40 74 54 58 30 98 93 57 82 97 85 72 63 7 61 1 20 97 68 20 49 92 52 78 47 62 92 76 84 59 69 76 47 6 33 35 74 51 31 68 53 37 79 67 84 31 37 66 23 87 36 46 27 84 98 4 29 20 97 5 71 78 32 90 1 97 75 21 71 29 
100 52 67 17 78 46 38 86 58 40 30 58 92 53 93 72 100 47 98 32 47 74 14 43 49 62 61 64 25 46 70 91 46 90 52 22 100 57 4 76 71 15 52 7 77 14 36 9 8 68 8 26 40 30 45 36 5 99 17 79 23 49 55 63 10 86 44 54 25 98 62 95 57 30 75 18 31 70 39 100 73 50 43 8 88 55 27 36 15 19 21 95 9 94 78 26 42 28 52 74 
4 30 78 39 10 2 72 5 66 63 71 66 8 75 64 8 40 99 95 47 14 96 80 86 73 63 75 25 30 93 26 13 18 33 82 46 64 20 34 11 83 48 68 8 18 62 42 3 48 74 82 70 66 58 90 69 9 96 98 61 83 95 76 12 42 16 81 71 13 97 53 19 43 82 60 50 8 1 88 97 34 32 60 75 11 10 45 94 78 51 39 66 15 61 89 6 66 11 51 73 
64 99 17 13 52 84 78 81 79 57 80 29 85 27 34 53 74 43 10 97 32 68 73 44 38 19 98 2 62 67 43 44 62 100 29 69 74 75 22 6 82 70 9 47 50 17 74 29 22 39 41 63 84 83 9 51 17 94 2 94 75 37 87 49 7 13 69 12 70 84 39 97 59 95 91 76 24 41 17 98 38 12 74 83 50 70 63 28 60 7 54 79 6 57 20 72 39 74 16 68 
88 86 58 41 98 47 50 29 34 5 10 15 66 75 29 65 50 22 2 57 74 79 89 89 56 66 55 56 42 48 5 56 3 100 84 98 53 68 79 32 42 79 70 67 6 10 37 29 46 63 7 50 30 60 5 49 11 28 99 1 85 74 100 9 8 52 12 46 23 87 69 67 9 40 100 24 98 37 43 1 41 26 45 74 17 59 68 12 94 83 19 8 15 92 45 11 20 85 82 16 
3 64 96 3 15 57 37 8 74 66 82 2 78 14 30 61 15 9 28 98 42 35 94 57 86 4 9 85 87 18 15 75 39 84 36 99 38 33 4 80 2 19 97 53 47 28 19 36 79 74 57 97 55 5 100 99 85 12 65 28 68 97 10 73 32 65 4 8 56 82 76 47 32 50 18 65 38 48 32 76 13 48 80 22 66 13 36 34 95 76 70 14 10 31 70 8 94 39 64 12 
93 16 17 16 10 65 100 76 61 94 20 92 31 94 55 45 90 94 15 43 89 92 19 52 54 94 46 26 86 13 91 16 52 35 89 69 88 57 95 23 9 88 90 33 85 3 54 28 54 67 51 44 57 27 44 25 81 23 64 79 72 54 65 11 37 45 96 45 58 34 4 72 63 95 51 21 64 48 1 43 2 4 64 9 14 41 3 84 30 31 6 47 8 81 8 82 18 8 98 74 
94 34 27 4 92 36 9 90 43 84 100 67 75 91 48 46 3 32 2 9 2 43 21 16 99 21 89 5 25 58 33 53 59 97 19 2 28 22 71 55 38 99 88 88 78 22 10 77 11 23 3 28 78 36 36 43 8 14 80 87 60 1 49 91 1 71 20 70 77 75 18 31 9 65 88 94 74 55 16 8 84 98 10 12 67 6 93 34 14 73 92 80 42 98 89 14 75 78 69 2 
62 35 98 26 24 31 77 33 72 95 97 71 61 97 15 7 69 5 48 1 35 47 34 45 90 100 33 94 56 11 4 60 24 17 68 49 21 45 34 20 27 89 91 3 6 33 7 8 11 66 72 54 98 44 70 47 10 50 91 90 23 89 35 35 57 51 17 69 57 79 32 35 24 17 27 60 29 74 74 80 99 64 58 97 9 69 66 89 49 83 91 40 45 57 78 76 41 33 92 59 
19 46 84 70 64 8 26 3 40 46 57 36 62 32 57 27 23 23 75 75 19 64 2 95 2 57 42 21 80 79 80 26 20 58 100 95 15 29 78 80 96 29 76 9 57 84 48 58 58 56 23 5 75 33 77 57 93 14 95 28 58 95 2 62 32 84 17 53 68 8 80 20 77 83 50 94 75 86 4 47 61 85 70 25 34 68 78 93 92 29 78 78 66 100 59 56 74 66 2 31 
17 43 26 92 2 72 35 98 42 2 16 100 31 8 18 99 31 10 46 53 77 35 21 64 27 25 21 76 13 43 80 90 26 13 6 10 17 22 62 16 23 44 64 90 96 50 79 85 57 90 69 100 20 7 67 50 22 25 28 24 41 8 84 38 78 53 23 54 89 22 10 68 35 22 71 49 2 99 73 92 16 88 12 48 76 13 37 50 11 45 2 50 2 22 7 48 36 59 39 100 
35 36 31 83 29 4 72 5 2 96 49 27 86 88 46 86 48 67 26 38 19 69 8 84 13 59 54 90 47 4 52 59 21 18 7 93 9 8 30 68 2 85 67 34 17 62 2 64 78 60 79 14 50 56 84 63 43 97 2 97 5 75 67 72 63 90 59 25 91 38 74 82 88 77 86 71 8 16 27 68 23 58 64 26 22 71 19 67 61 38 47 86 59 72 5 50 92 59 17 90 
64 14 64 21 88 21 58 16 86 68 9 68 47 55 38 24 29 69 58 92 15 78 80 9 7 69 63 98 72 29 82 61 98 44 96 62 95 37 43 60 17 24 98 69 64 53 21 71 19 8 77 24 10 38 69 17 46 74 62 13 100 27 89 32 59 60 49 40 93 67 87 69 10 10 55 64 45 71 13 17 79 41 46 47 3 36 15 64 45 2 94 58 38 66 86 53 80 66 18 94 
21 59 6 71 3 96 45 47 92 42 90 95 22 37 29 19 83 12 96 53 65 41 70 16 47 63 10 73 74 91 43 24 61 67 63 47 14 32 59 46 61 72 56 96 90 48 13 99 76 45 76 4 78 89 87 54 30 77 52 34 92 60 77 81 12 76 57 39 76 7 46 43 46 18 48 17 53 45 91 56 86 7 52 98 61 97 13 52 94 28 14 24 29 60 68 97 19 94 61 4 
14 57 32 8 58 43 40 1 3 38 44 54 86 20 13 66 82 35 52 72 67 37 85 82 5 97 86 35 59 40 55 16 88 76 48 1 84 75 24 29 16 51 66 47 40 11 66 86 25 77 32 78 72 27 72 76 23 20 52 98 22 4 24 73 44 82 68 33 26 85 68 87 91 34 76 70 29 43 17 74 47 53 96 57 19 12 33 97 86 92 45 31 65 45 53 7 49 42 24 39 
7 49 73 77 58 68 71 23 15 55 66 57 86 7 63 18 98 16 80 6 45 55 23 1 42 56 74 73 99 46 98 84 87 73 12 72 34 73 30 67 48 22 12 15 45 94 46 9 93 100 79 73 100 97 76 43 44 26 45 24 51 50 69 11 8 16 34 84 40 68 64 26 80 18 73 32 53 18 19 13 46 57 99 58 52 27 64 14 2 61 54 19 58 73 96 25 79 63 34 56 
21 69 55 69 58 90 74 82 87 21 16 80 14 20 62 89 12 37 94 83 5 5 44 80 80 59 11 10 77 13 96 7 91 59 85 21 94 7 66 19 90 16 17 43 1 22 49 8 31 55 40 36 88 1 82 52 100 35 57 13 52 88 86 21 16 68 49 46 71 95 65 39 9 27 10 81 100 21 14 51 99 86 29 73 100 3 7 91 9 24 65 14 70 16 62 55 37 53 88 58 
20 7 85 69 91 79 48 34 79 100 97 2 4 72 41 30 18 50 48 71 92 62 87 4 55 74 85 3 67 38 63 86 32 51 29 31 61 44 26 82 46 22 42 10 99 42 1 56 26 6 73 21 45 93 12 29 25 70 85 33 7 98 21 9 69 19 83 17 39 98 84 60 46 1 27 52 94 85 39 83 53 83 37 83 2 34 9 37 84 31 36 69 11 89 77 81 22 53 97 24 
50 46 85 58 82 83 74 4 80 26 33 38 68 80 28 7 14 35 45 87 68 72 98 32 34 11 68 98 4 32 81 36 56 87 54 83 52 72 7 44 55 60 46 94 90 72 32 100 90 74 2 26 61 22 97 92 5 79 26 25 5 45 61 3 27 76 31 95 24 58 83 15 41 94 68 41 69 99 31 35 54 19 89 55 1 28 23 89 84 93 72 6 57 16 61 76 14 64 92 86 
80 88 35 77 82 43 92 45 65 84 79 59 67 7 74 18 46 30 77 53 30 42 47 54 48 77 1 69 22 72 87 7 62 64 66 33 24 31 40 39 65 60 50 51 65 72 87 30 98 12 26 8 12 37 35 87 18 44 8 51 79 12 81 35 56 23 55 85 90 34 92 18 32 45 17 96 51 69 56 93 81 63 31 54 29 70 26 13 55 50 9 79 65 83 97 74 56 85 47 18 
63 37 34 49 38 22 59 91 67 70 83 35 18 77 43 60 55 55 92 98 1 66 76 44 75 34 62 50 1 93 55 44 31 38 39 20 40 65 43 21 48 79 59 86 86 99 95 67 96 62 47 13 14 90 42 8 20 58 9 93 2 48 5 48 43 91 14 52 60 44 87 12 23 20 85 12 77 47 79 100 95 4 58 85 75 62 19 74 17 63 2 35 70 17 40 68 6 32 17 87 
89 77 92 12 55 77 77 61 63 23 47 15 61 40 10 56 88 56 67 24 16 91 16 30 9 77 26 73 79 85 82 31 83 13 25 34 34 81 94 39 50 85 27 92 71 87 50 88 56 99 99 58 6 4 49 35 11 94 75 17 95 80 15 67 29 51 61 26 73 17 15 18 88 79 56 47 31 30 43 56 59 4 11 71 57 49 48 19 19 41 53 49 94 86 79 56 46 26 48 21 
36 62 82 25 99 55 88 32 65 64 78 96 7 97 19 61 87 79 94 29 82 37 92 9 95 44 58 50 33 68 92 2 39 40 46 52 15 89 14 2 99 66 6 13 19 4 16 86 30 27 45 42 65 6 82 37 78 7 66 100 94 65 14 11 20 19 39 52 36 55 75 16 44 71 73 13 90 96 60 63 38 97 47 89 8 75 21 91 50 86 26 71 61 69 32 32 18 45 39 11 
100 37 51 81 34 30 95 71 67 95 87 33 64 54 64 15 21 88 31 52 67 1 43 10 16 51 12 44 81 27 15 78 62 24 5 17 1 23 16 28 8 84 4 95 44 63 21 75 12 31 58 40 6 3 40 83 9 77 20 74 58 31 65 49 75 69 93 82 1 95 81 99 49 98 38 81 29 89 67 14 71 5 57 62 29 94 20 98 48 98 39 87 39 34 64 65 4 48 45 55 
92 41 25 100 45 52 21 42 99 76 67 23 89 68 56 79 36 90 13 74 13 10 45 41 19 16 43 65 98 56 59 2 92 47 74 8 44 84 38 44 71 53 25 60 29 83 66 74 63 12 73 19 50 27 65 32 10 98 89 16 96 59 76 99 19 23 16 91 69 9 73 53 28 29 9 14 48 11 67 5 19 75 50 19 43 32 83 46 51 98 48 47 51 16 96 53 84 37 40 97 
44 60 37 93 95 40 37 92 71 91 52 72 7 83 38 100 13 46 98 97 95 71 39 3 16 88 13 94 58 75 66 21 66 14 28 100 92 65 21 50 84 19 82 47 6 2 32 16 82 88 1 44 1 77 69 6 82 96 15 51 100 72 9 75 56 53 38 38 84 40 16 57 70 45 51 82 98 38 68 2 64 23 48 14 81 31 83 13 68 19 95 73 99 20 53 20 74 8 64 85 
85 22 100 17 49 58 94 9 6 85 93 32 41 92 8 41 33 13 55 50 70 33 87 14 97 50 41 62 96 33 26 37 71 72 65 66 27 42 1 90 86 88 29 14 51 66 75 9 60 39 80 22 27 67 38 28 28 66 26 31 30 54 98 87 95 72 74 4 26 26 71 46 54 79 25 76 53 75 39 9 69 77 93 2 18 60 66 5 80 42 56 79 56 26 13 94 55 5 14 96 
75 4 76 63 58 56 97 71 52 97 72 6 10 12 37 8 45 82 55 53 39 32 17 76 14 25 2 89 66 76 94 92 85 82 96 12 29 54 5 45 73 46 9 90 19 74 38 31 99 34 56 41 60 95 50 78 45 80 57 57 5 13 17 57 54 94 83 88 24 46 97 53 47 15 7 89 63 69 50 19 60 2 94 43 92 23 100 17 77 74 52 58 23 30 89 49 96 27 47 40 
74 82 79 16 46 90 34 53 81 10 52 28 69 79 92 75 62 88 63 29 45 59 24 79 2 28 10 83 36 54 57 75 71 28 7 56 41 23 49 99 15 20 68 100 26 48 47 10 70 51 11 68 13 97 52 83 6 40 8 7 55 51 99 22 76 32 82 81 95 8 50 98 81 20 89 65 69 72 83 82 33 79 92 60 19 57 28 28 13 96 84 59 55 96 2 33 63 5 92 82 
46 75 6 27 58 89 75 55 98 3 91 59 55 59 14 24 6 49 99 84 97 69 74 77 62 24 90 33 13 51 13 75 17 2 32 24 92 100 72 27 44 82 22 47 11 77 26 37 23 92 19 23 51 68 57 6 56 48 52 6 8 72 34 52 88 13 57 81 32 12 91 58 77 17 88 13 33 98 63 30 58 66 68 76 38 3 53 90 44 88 90 2 42 49 1 44 30 10 13 47 
55 22 69 96 40 16 88 19 5 60 67 89 22 53 46 77 39 41 78 78 4 22 8 14 48 56 88 86 28 6 36 81 4 73 86 56 3 64 84 17 79 60 48 64 74 79 14 80 20 98 39 85 33 64 29 29 88 13 12 5 50 98 77 82 18 10 31 48 17 59 50 10 36 76 99 69 50 44 63 39 57 15 56 80 17 82 53 92 72 26 20 71 94 34 70 34 55 43 66 34 
43 70 46 6 100 23 28 90 30 34 89 28 87 73 28 26 25 45 70 6 29 7 88 44 8 54 56 91 71 8 36 8 9 89 49 21 67 54 85 82 15 10 68 93 36 81 24 11 1 27 88 23 39 75 41 45 95 15 47 43 50 45 20 32 41 85 76 41 36 70 50 43 26 77 16 62 63 96 36 41 93 66 98 18 71 57 2 61 77 2 30 45 27 44 19 94 68 9 6 14 
84 65 23 26 86 40 41 9 33 15 6 18 37 85 7 6 97 91 47 94 79 5 15 4 36 8 52 39 84 15 97 78 4 73 38 75 73 14 57 61 54 22 89 87 31 4 76 4 47 95 58 21 12 96 54 44 10 71 58 77 45 32 52 2 86 83 84 84 30 3 22 31 40 38 79 99 30 53 12 97 92 12 40 66 24 50 15 61 5 50 83 6 90 42 96 72 71 53 4 92 
87 1 11 55 66 65 1 85 93 41 7 80 13 13 2 94 6 78 35 96 86 27 64 80 71 22 92 81 3 74 78 22 14 26 20 41 97 57 30 51 50 4 52 78 92 74 90 87 60 4 100 49 45 90 51 45 19 13 19 19 39 26 63 62 8 84 6 24 29 70 20 81 62 49 21 59 39 78 27 59 81 96 79 33 6 65 36 64 48 37 99 92 37 81 37 48 65 5 77 66 
25 88 5 75 73 74 77 77 71 86 15 92 80 67 54 81 61 71 57 99 1 56 6 56 69 40 26 5 82 24 41 62 34 81 79 78 12 95 58 48 22 44 13 54 16 8 11 50 18 45 45 44 100 66 50 34 94 78 96 10 5 9 99 5 16 62 31 50 32 95 57 67 84 72 20 28 98 59 94 98 96 82 56 51 31 40 12 70 43 97 19 97 24 97 30 30 100 52 65 40 
92 76 52 74 65 59 77 51 67 18 71 14 70 42 90 96 9 80 77 30 32 78 46 48 48 13 29 65 99 50 24 1 85 42 50 74 8 90 4 85 27 31 95 62 77 91 9 65 66 9 93 13 14 57 42 73 6 20 9 39 7 13 13 84 50 79 53 86 97 36 14 39 48 65 17 55 38 2 71 63 12 38 63 25 49 80 9 23 1 97 41 22 1 73 56 60 31 1 25 30 
22 83 51 79 48 61 87 81 48 96 82 1 37 44 25 34 13 24 68 40 64 98 25 33 60 36 21 66 79 26 8 34 97 30 71 99 17 25 76 84 62 85 56 82 66 88 5 95 3 17 65 83 48 39 26 60 46 88 73 99 58 38 37 95 90 8 16 57 10 75 42 57 29 65 97 14 3 80 86 56 69 15 18 28 77 65 60 93 22 49 88 17 35 71 40 71 41 82 44 72 
13 37 1 57 2 78 51 45 70 59 78 35 13 31 22 88 44 36 71 80 57 39 8 74 55 8 52 46 72 46 43 53 39 57 21 87 48 8 96 29 61 2 82 66 9 57 26 100 69 55 44 41 74 83 33 26 4 83 58 99 71 28 50 30 91 70 69 65 71 6 25 99 57 1 16 20 37 53 66 88 7 94 67 46 77 88 100 35 73 88 81 22 45 48 60 79 58 85 23 66 
71 34 47 97 58 19 51 69 38 12 67 8 80 16 46 29 88 42 7 66 44 33 99 21 84 42 96 51 16 65 24 37 4 79 79 29 7 68 35 86 56 73 25 97 37 91 87 16 17 26 36 76 30 48 56 53 2 77 11 69 83 60 3 93 100 2 7 32 1 18 52 30 21 33 16 45 30 28 50 51 64 31 6 40 30 23 23 93 20 16 58 99 90 49 92 26 29 60 1 38 
7 48 42 75 62 1 92 55 65 93 65 27 2 71 56 5 75 25 56 25 53 16 20 87 58 79 84 99 12 93 12 22 98 31 56 42 35 78 17 64 60 10 55 35 74 27 39 63 25 76 7 65 80 66 24 32 9 71 77 55 78 39 58 65 94 89 48 60 62 75 16 65 64 10 10 26 7 1 2 18 66 99 82 7 87 88 46 4 88 54 18 50 99 14 99 57 87 74 64 19 
52 36 26 17 22 25 91 83 93 16 40 29 24 22 90 76 8 61 68 66 41 35 25 69 66 24 66 24 24 28 63 40 72 92 25 63 79 21 96 30 66 79 11 45 38 40 74 80 52 24 78 28 90 61 62 21 58 44 17 91 48 2 41 56 60 60 82 60 71 78 53 57 5 61 54 73 80 97 89 21 73 25 63 52 10 23 19 90 90 99 99 45 57 62 40 30 21 4 34 61 
10 33 63 12 64 21 99 10 75 33 1 31 23 31 67 69 74 95 93 24 13 8 53 93 28 19 94 59 19 34 45 64 88 43 94 65 29 34 66 74 87 89 60 83 79 75 97 24 78 10 73 4 26 82 17 100 52 80 43 51 80 31 28 6 17 54 48 19 8 64 92 38 8 98 28 20 62 78 51 48 33 75 100 94 5 10 77 13 39 86 28 7 22 3 50 92 100 36 11 13 
100 24 40 7 100 5 1 59 28 69 75 62 53 59 94 3 68 27 98 41 28 1 33 92 3 52 32 35 82 63 10 8 93 61 42 10 12 99 3 10 53 2 70 53 81 16 88 96 26 34 15 65 98 1 81 64 12 69 7 23 33 65 88 33 12 80 36 3 45 20 43 100 9 70 85 11 77 57 18 27 85 38 78 41 43 59 15 72 24 10 86 91 84 100 14 92 6 63 55 79 
39 40 80 71 88 36 28 31 98 53 93 56 35 27 76 2 32 17 49 69 90 16 97 2 33 71 27 41 86 4 95 90 8 73 58 24 64 31 53 54 77 1 31 47 20 6 87 81 49 70 84 4 23 57 58 35 44 74 15 76 24 23 58 84 84 48 34 7 96 24 24 15 71 90 56 72 52 19 6 68 94 10 92 82 34 28 57 40 33 77 42 90 13 9 71 39 54 48 44 26 
12 71 59 100 74 22 94 57 27 98 87 18 53 85 86 9 89 74 57 46 99 83 14 44 33 34 37 94 55 13 16 91 62 21 69 40 53 86 68 90 17 35 10 43 49 75 99 44 68 53 28 93 15 47 13 90 56 10 71 39 25 32 71 59 72 20 71 9 16 4 12 75 75 72 76 72 48 1 42 64 88 53 85 72 21 43 37 92 4 97 18 21 36 17 20 48 23 96 49 10 
88 97 50 92 94 9 47 49 3 70 41 84 4 99 32 6 69 41 89 49 44 56 86 42 66 2 52 40 63 8 17 4 72 100 56 100 2 18 51 96 11 37 76 16 66 48 74 49 19 13 69 26 24 47 84 14 66 26 96 14 28 67 44 75 97 66 31 99 50 14 90 100 57 65 91 30 76 94 7 71 51 5 55 53 21 23 3 80 86 55 46 78 1 19 30 83 14 55 54 40 
13 88 82 93 29 23 28 52 29 40 16 81 50 82 23 89 57 71 46 97 71 77 61 83 43 75 64 74 45 65 53 61 80 85 39 94 74 67 6 92 86 51 7 9 59 43 61 73 88 71 25 55 93 10 75 47 89 57 76 95 45 6 46 62 85 93 43 43 96 52 92 20 33 36 12 83 60 39 3 40 24 59 49 24 98 9 24 99 19 79 72 23 44 29 81 30 59 55 65 93 
74 54 33 81 60 4 70 27 94 13 4 70 2 84 89 49 89 51 86 29 62 29 65 14 32 51 61 57 67 36 25 45 27 66 63 39 18 43 62 14 28 78 22 55 5 18 89 20 92 85 82 78 97 33 43 64 68 19 37 30 84 52 13 87 29 82 39 39 24 41 6 73 27 12 96 10 37 64 100 71 33 73 86 74 38 8 47 75 71 26 33 15 54 11 9 42 58 69 62 31 
98 23 47 87 79 21 13 58 1 8 87 35 38 90 60 1 7 88 47 97 29 28 13 20 5 48 48 70 92 54 62 76 68 13 6 53 75 28 95 7 37 79 9 47 67 26 18 35 100 78 47 92 75 64 93 55 43 39 79 3 58 58 29 13 55 48 86 46 7 100 56 42 58 43 45 94 79 53 22 6 34 9 65 29 99 27 10 25 39 77 58 28 20 49 20 54 69 63 70 85 
6 98 61 71 64 50 81 71 48 67 100 10 75 67 1 65 49 36 90 100 96 69 37 95 27 11 38 95 31 50 45 37 57 78 41 86 35 15 34 79 74 17 54 26 67 84 32 47 4 12 71 66 69 76 46 52 8 69 76 49 22 28 85 73 86 85 53 41 73 22 85 81 29 27 3 2 15 20 13 10 54 4 80 87 80 75 86 17 89 72 26 2 75 91 96 35 96 24 35 24 
98 87 38 51 20 89 89 19 19 32 25 79 52 62 97 86 13 20 47 3 34 55 77 55 31 20 24 22 99 28 54 71 80 70 29 7 83 23 44 91 89 60 58 61 26 67 42 4 28 86 92 48 56 32 45 44 1 70 74 13 93 38 58 38 60 4 32 15 57 66 88 92 60 56 21 82 9 64 44 51 50 21 9 26 83 88 30 45 95 44 19 86 19 87 16 69 81 67 36 59 
53 71 43 30 46 25 79 50 22 98 16 77 100 16 12 9 25 20 56 49 28 56 96 28 53 82 37 20 27 64 66 45 72 100 20 81 22 46 96 59 32 68 45 22 75 63 75 26 75 56 86 30 47 14 61 95 55 82 5 37 24 9 29 28 98 61 92 50 53 75 87 98 25 52 52 27 2 25 15 36 80 24 81 11 88 60 29 59 18 56 98 87 24 18 4 32 97 16 48 89 
95 47 27 64 18 13 1 82 47 59 45 60 51 16 50 12 32 34 7 51 65 44 99 5 57 3 84 15 62 54 48 62 64 70 3 19 34 100 98 30 21 82 14 21 4 99 9 19 15 6 72 73 50 8 97 23 74 78 22 63 70 66 31 63 56 34 84 81 72 1 96 79 14 91 41 69 87 99 12 70 34 83 84 87 38 24 10 14 67 10 33 92 68 21 32 8 65 23 43 52 
64 95 67 100 8 10 22 69 35 16 99 32 41 90 32 6 27 33 29 41 18 93 60 39 65 10 39 38 63 100 50 19 30 60 39 37 28 67 52 37 31 64 4 4 50 21 48 44 9 12 86 63 65 48 1 69 36 21 40 52 25 12 38 37 91 71 67 22 67 1 96 73 46 27 71 77 89 1 41 21 90 24 63 79 9 20 4 61 42 92 79 19 100 38 82 7 30 79 91 42 
86 45 72 67 90 23 96 81 74 43 16 1 65 39 35 18 33 69 45 70 48 88 5 40 12 78 22 17 34 96 50 5 97 68 34 78 33 36 44 77 81 12 22 36 4 76 52 44 13 53 52 69 57 21 78 72 36 75 97 29 20 86 51 68 98 81 35 36 29 67 63 12 34 68 10 3 83 54 2 18 6 90 91 69 30 64 57 55 42 25 21 95 97 26 46 85 29 7 45 18 
88 54 82 57 35 79 11 34 67 40 58 32 25 90 6 27 57 86 25 93 30 74 18 69 41 75 66 63 74 33 69 99 81 62 48 69 35 65 37 57 26 26 81 43 31 9 29 64 90 75 60 75 86 64 6 56 49 98 64 71 62 18 12 67 62 37 42 86 29 61 80 61 71 54 94 74 86 91 37 59 60 7 58 65 90 100 5 31 5 28 80 46 35 14 70 65 81 68 88 4 
76 70 24 88 76 80 11 11 87 9 22 95 94 56 60 87 59 92 67 72 84 38 92 10 95 34 36 12 68 71 2 95 77 65 51 97 17 40 84 99 4 95 94 94 90 36 95 20 29 28 66 27 83 78 41 63 5 2 44 3 91 17 93 76 1 56 21 19 67 37 25 91 35 73 43 30 18 1 28 75 24 44 27 34 37 58 4 4 7 22 71 5 72 50 62 99 46 38 59 17 
87 46 1 76 4 20 76 33 79 38 85 23 10 86 42 96 72 19 74 11 69 71 86 52 17 23 43 81 81 65 2 77 48 87 99 51 55 32 94 15 41 21 97 92 69 59 95 93 29 24 21 48 24 86 36 52 96 2 67 92 67 22 40 21 91 76 89 73 77 54 18 4 96 5 48 71 24 57 2 52 24 90 12 5 13 9 98 69 88 9 82 73 93 14 33 73 31 1 43 79 
84 60 59 22 51 6 54 26 63 49 37 65 17 14 34 95 63 86 22 7 11 39 63 20 66 26 35 61 82 26 38 100 37 2 51 27 17 87 15 56 71 95 7 63 40 100 8 82 87 19 51 94 33 60 7 7 50 38 83 70 96 85 31 75 82 44 63 71 64 56 97 63 17 90 49 79 12 90 57 79 37 8 68 84 7 83 70 32 27 67 64 19 4 73 30 66 92 96 4 50 
83 13 99 48 59 74 43 63 81 21 34 34 65 82 85 56 44 97 40 31 83 90 95 81 93 47 65 63 42 80 27 57 59 81 98 72 43 58 15 78 69 64 55 36 9 46 58 77 39 57 49 85 100 34 96 31 29 2 45 5 10 30 30 63 89 27 7 84 1 9 82 22 60 11 42 32 91 98 93 6 18 93 4 50 82 85 69 18 54 42 37 99 8 87 80 84 21 1 21 77 
81 55 22 14 43 24 76 86 16 74 56 27 56 42 84 5 52 62 53 71 3 29 87 50 87 94 83 81 79 51 81 44 11 43 52 25 92 1 89 93 59 1 80 38 23 88 88 38 26 35 69 8 25 81 64 73 11 9 88 18 33 97 20 67 4 63 6 29 84 5 72 99 43 80 71 14 40 32 68 95 50 18 91 9 49 22 28 29 94 29 37 80 60 10 14 27 91 84 36 32 
66 18 94 18 45 43 8 83 95 85 75 88 12 67 17 90 49 26 80 66 40 20 15 73 16 95 46 3 56 58 50 87 18 62 2 72 18 52 46 71 24 22 20 44 1 86 64 9 51 26 99 99 16 92 89 28 86 89 13 73 97 90 34 46 95 14 20 89 94 19 1 29 87 14 95 15 19 97 57 38 74 68 35 16 45 55 47 67 43 60 7 72 30 38 69 55 72 72 74 45 
89 100 51 40 32 23 42 65 33 81 32 52 53 46 32 72 21 60 2 56 28 60 97 76 82 6 16 65 1 13 22 24 54 34 42 31 83 97 64 11 6 73 31 86 51 79 27 34 24 33 94 31 68 63 37 66 54 75 9 85 52 4 92 41 74 16 46 22 68 70 88 9 53 82 35 77 17 16 52 40 79 5 36 28 24 77 30 44 89 11 50 39 17 39 35 52 88 6 34 49 
11 25 48 22 34 49 9 23 97 10 43 46 94 21 79 24 81 89 4 48 49 31 80 26 19 52 1 86 56 14 85 72 78 38 29 43 11 34 71 6 18 63 10 24 7 6 69 52 69 62 88 67 43 97 24 81 59 5 72 77 79 50 52 94 14 84 31 95 23 5 56 86 37 42 14 84 66 45 31 29 51 19 21 56 17 88 61 16 20 22 88 44 70 96 39 73 66 8 20 61 
52 72 74 98 57 1 25 34 26 85 25 85 9 92 80 93 85 92 84 43 99 61 2 68 2 9 65 61 69 45 9 31 97 80 98 68 23 38 87 46 1 54 65 88 14 38 60 61 47 55 59 35 91 30 50 4 65 95 66 51 92 10 23 11 77 92 63 74 100 39 55 90 39 62 39 50 33 31 20 28 64 11 40 54 1 32 27 74 18 7 67 22 6 82 6 78 83 14 3 35 
56 4 1 95 12 98 68 32 9 36 58 63 24 87 46 50 98 40 55 18 15 42 89 10 99 71 63 84 70 36 37 73 38 27 23 74 55 54 85 58 29 98 57 10 1 20 58 39 19 74 34 72 5 84 67 46 66 54 34 8 75 40 44 41 6 4 34 2 51 10 86 3 17 56 26 80 81 6 25 83 61 20 62 65 67 31 83 68 19 76 63 96 26 98 6 16 63 50 20 17 
68 57 97 35 35 20 51 78 80 60 18 34 94 38 94 79 27 18 42 71 85 74 11 77 24 66 93 84 70 86 11 80 29 92 90 88 7 36 48 30 48 47 83 76 59 32 45 69 66 11 50 78 40 30 26 7 99 53 39 97 89 93 80 98 89 62 45 88 55 72 24 49 22 6 54 47 22 2 67 88 91 1 17 91 74 66 31 65 63 29 13 93 35 64 35 84 29 45 71 40 
